HID	PA
75	0
76	0
77	0
78	0
79	0
80	0
81	0
82	0
156	0
157	0
158	0
159	0
160	0
161	0
162	0
238	0
239	0
240	0
241	0
242	0
243	0
320	0
321	0
322	0
323	0
324	0
325	0
401	0
402	0
403	0
404	0
405	0
406	1
483	0
484	0
485	0
486	0
487	0
564	0
565	0
566	0
567	0
568	0
645	0
646	0
647	0
648	0
649	0
727	0
728	0
729	0
730	0
809	0
810	0
811	0
889	0
890	0
891	0
892	0
972	0
973	0
19763	0
19764	0
19843	0
19844	0
19925	0
19926	0
20332	1
22519	1
22600	1
22762	1
22843	1
23005	1
23086	1
23166	1
23167	1
23247	1
23248	1
23328	1
23329	1
23407	1
23408	1
23409	1
23410	1
23488	1
23489	1
23490	1
23491	1
23569	1
23570	1
23571	1
23572	1
23651	1
23652	1
23653	1
23732	1
23733	1
23734	1
23814	1
23815	1
23896	1
23976	1
23977	1
24058	1
24220	1
25108	1
25109	1
25187	1
25188	1
25189	1
25190	1
25191	1
25192	1
25269	1
25270	1
25271	1
25272	1
25273	1
25350	1
25351	1
25352	1
25353	1
25354	1
25431	1
25432	1
25433	1
25434	1
25435	1
25512	1
25513	1
25514	1
25515	1
25516	1
25594	1
25595	1
25596	1
25597	1
25674	1
25675	1
25676	1
25677	1
25678	1
25756	1
25757	1
25758	1
25759	1
25837	1
25838	1
25839	1
25840	1
25918	1
25919	1
25920	1
25921	1
25999	1
26000	1
26001	1
26002	1
26081	1
26082	1
26083	1
26161	1
26162	1
26163	1
26164	1
26242	1
26243	1
26244	1
26245	1
26324	1
26325	1
26326	1
26404	1
26405	1
26406	1
26407	1
26485	1
26486	1
26487	1
26488	1
26567	1
26568	1
26569	1
26647	1
26648	1
26649	1
26650	1
26729	1
26730	1
26731	1
26810	1
26811	1
26812	1
26891	1
26892	1
26893	1
26972	1
26973	1
26974	1
27054	1
27055	1
27134	1
27135	1
27136	1
27216	1
27217	1
39418	1
39419	1
39420	1
39421	1
39422	1
39423	1
39424	1
39425	1
39426	1
39430	1
39431	1
39432	1
39433	1
39434	1
39435	1
39436	1
39437	1
39438	1
39440	1
39446	1
39447	1
39498	1
39499	1
39500	1
39501	1
39502	1
39503	1
39504	1
39505	1
39506	1
39507	1
39510	1
39511	1
39512	1
39513	1
39514	1
39515	1
39516	1
39517	1
39518	1
39519	1
39520	1
39526	1
39527	1
39528	1
39580	1
39581	1
39582	1
39583	1
39584	1
39585	1
39586	1
39587	1
39588	1
39589	1
39590	1
39591	1
39592	1
39593	1
39594	1
39595	1
39596	1
39597	1
39598	1
39599	1
39600	1
39601	1
39602	1
39603	1
39607	1
39608	1
39661	1
39662	1
39663	1
39664	1
39665	1
39666	1
39667	1
39668	1
39669	1
39670	1
39671	1
39672	1
39673	1
39674	1
39675	1
39676	1
39677	1
39678	1
39679	1
39680	1
39681	1
39682	1
39683	1
39684	1
39685	1
39688	1
39689	1
39690	1
39742	1
39743	1
39744	1
39745	1
39746	1
39747	1
39748	1
39749	1
39750	1
39751	1
39752	1
39753	1
39754	1
39755	1
39756	1
39757	1
39758	1
39759	1
39760	1
39761	1
39762	1
39763	1
39764	1
39765	1
39766	1
39768	1
39769	1
39824	1
39825	1
39826	1
39827	1
39828	1
39829	1
39830	1
39831	1
39832	1
39833	1
39834	1
39835	1
39836	1
39837	1
39838	1
39839	1
39840	1
39841	1
39842	1
39843	1
39844	1
39845	1
39846	1
39847	1
39848	1
39849	1
39850	1
39851	1
39906	1
39907	1
39908	1
39909	1
39910	1
39911	1
39912	1
39913	1
39914	1
39915	1
39916	1
39917	1
39918	1
39919	1
39920	1
39921	1
39922	1
39923	1
39924	1
39925	1
39926	1
39927	1
39928	1
39929	1
39930	1
39931	1
39933	1
39987	1
39988	1
39989	1
39990	1
39991	1
39992	1
39993	1
39994	1
39995	1
39996	1
39997	1
39998	1
39999	1
40000	1
40001	1
40002	1
40003	1
40004	1
40005	1
40006	1
40007	1
40008	1
40009	1
40010	1
40011	1
40012	1
40014	1
40015	1
40068	1
40069	1
40070	1
40071	1
40072	1
40073	1
40074	1
40075	1
40076	1
40077	1
40078	1
40079	1
40080	1
40081	1
40082	1
40083	1
40084	1
40085	1
40086	1
40087	1
40088	1
40089	1
40090	1
40091	1
40092	1
40093	1
40095	1
40096	1
40150	1
40151	1
40152	1
40153	1
40154	1
40155	1
40156	1
40157	1
40158	1
40159	1
40160	1
40161	1
40162	1
40163	1
40164	1
40165	1
40166	1
40167	1
40168	1
40169	1
40170	1
40171	1
40172	1
40173	1
40174	1
40230	1
40231	1
40232	1
40233	1
40234	1
40235	1
40236	1
40237	1
40238	1
40239	1
40240	1
40241	1
40242	1
40243	1
40244	1
40245	1
40246	1
40247	1
40248	1
40249	1
40250	1
40251	1
40252	1
40253	1
40254	1
40255	1
40258	1
40312	1
40313	1
40314	1
40315	1
40316	1
40317	1
40318	1
40319	1
40320	1
40321	1
40322	1
40323	1
40324	1
40325	1
40326	1
40327	1
40328	1
40329	1
40330	1
40331	1
40332	1
40333	1
40334	1
40335	1
40336	1
40337	1
40339	1
40394	1
40395	1
40396	1
40397	1
40398	1
40399	1
40400	1
40401	1
40402	1
40403	1
40404	1
40405	1
40406	1
40407	1
40408	1
40409	1
40410	1
40411	1
40412	1
40413	1
40414	1
40415	1
40416	1
40417	1
40418	1
40419	1
40475	1
40476	1
40477	1
40480	1
40481	1
40482	1
40483	1
40484	1
40485	1
40486	1
40487	1
40488	1
40489	1
40490	1
40491	1
40492	1
40493	1
40494	1
40495	1
40496	1
40497	1
40498	1
40499	1
40558	1
40562	1
40563	1
40564	1
40565	1
40566	1
40567	1
40568	1
40569	1
40570	1
40571	1
40572	1
40573	1
40574	1
40575	1
40576	1
40577	1
40578	1
40579	1
40580	1
40581	1
40644	1
40645	1
40647	1
40648	1
40649	1
40650	1
40651	1
40652	1
40653	1
40654	1
40655	1
40656	1
40657	1
40658	1
40659	1
40660	1
40661	1
40662	1
40725	1
40728	1
40729	1
40730	1
40731	1
40732	1
40733	1
40734	1
40735	1
40736	1
40737	1
40738	1
40739	1
40740	1
40741	1
40742	1
40810	1
40811	1
40812	1
40813	1
40814	1
40815	1
40816	1
40817	1
40818	1
40819	1
40820	1
40821	1
40822	1
40823	1
40824	1
40891	1
40892	1
40893	1
40895	1
40896	1
40897	1
40898	1
40899	1
40900	1
40901	1
40902	1
40903	1
40904	1
40905	1
40906	1
40972	1
40973	1
40974	1
40975	1
40976	1
40977	1
40978	1
40979	1
40980	1
40981	1
40982	1
40983	1
40984	1
40985	1
40986	1
40987	1
41053	1
41054	1
41055	1
41056	1
41057	1
41058	1
41059	1
41060	1
41061	1
41062	1
41063	1
41064	1
41065	1
41066	1
41067	1
41068	1
41135	1
41136	1
41137	1
41138	1
41139	1
41140	1
41141	1
41142	1
41143	1
41144	1
41145	1
41146	1
41147	1
41148	1
41149	1
41216	1
41217	1
41218	1
41219	1
41220	1
41222	1
41223	1
41224	1
41225	1
41226	1
41227	1
41228	1
41229	1
41230	1
41298	1
41299	1
41300	1
41301	1
41302	1
41304	1
41305	1
41306	1
41307	1
41308	1
41309	1
41310	1
41311	1
41381	1
41382	1
41383	1
41385	1
41386	1
41387	1
41388	1
41389	1
41390	1
41391	1
41392	1
41462	1
41463	1
41464	1
41465	1
41466	1
41467	1
41468	1
41469	1
41470	1
41471	1
41472	1
41473	1
41544	1
41545	1
41546	1
41547	1
41548	1
41549	1
41550	1
41551	1
41552	1
41553	1
41554	1
41625	1
41626	1
41627	1
41628	1
41629	1
41630	1
41631	1
41632	1
41633	1
41634	1
41635	1
41706	1
41707	1
41708	1
41709	1
41710	1
41711	1
41712	1
41713	1
41714	1
41715	1
41716	1
41787	1
41788	1
41789	1
41790	1
41791	1
41792	1
41793	1
41794	1
41795	1
41796	1
41797	1
41868	1
41869	1
41870	1
41871	1
41872	1
41873	1
41874	1
41875	1
41876	1
41877	1
41878	1
41948	1
41949	1
41950	1
41952	1
41953	1
41954	1
41955	1
41956	1
41957	1
41958	1
41959	1
42030	1
42031	1
42034	1
42035	1
42036	1
42037	1
42038	1
42039	1
42040	1
42111	1
42112	1
42115	1
42116	1
42117	1
42118	1
42119	1
42120	1
42121	1
42192	1
42193	1
42195	1
42196	1
42197	1
42198	1
42199	1
42200	1
42201	1
42202	1
42273	1
42274	1
42276	1
42277	1
42278	1
42279	1
42280	1
42281	1
42282	1
42283	1
42354	1
42355	1
42356	1
42358	1
42359	1
42360	1
42361	1
42362	1
42363	1
42364	1
42435	1
42436	1
42439	1
42440	1
42441	1
42442	1
42443	1
42444	1
42445	1
42516	1
42517	1
42520	1
42521	1
42522	1
42523	1
42524	1
42525	1
42526	1
42597	1
42598	1
42599	1
42601	1
42602	1
42603	1
42604	1
42605	1
42606	1
42607	1
42678	1
42679	1
42682	1
42683	1
42684	1
42685	1
42686	1
42687	1
42688	1
42759	1
42760	1
42763	1
42764	1
42765	1
42766	1
42767	1
42768	1
42769	1
42841	1
42844	1
42845	1
42846	1
42847	1
42848	1
42849	1
42850	1
42921	1
42922	1
42925	1
42926	1
42927	1
42928	1
42929	1
42930	1
42931	1
43003	1
43006	1
43007	1
43008	1
43009	1
43010	1
43011	1
43012	1
43084	1
43085	1
43088	1
43089	1
43090	1
43091	1
43092	1
43093	1
43165	1
43168	1
43169	1
43170	1
43171	1
43172	1
43173	1
43174	1
43246	1
43247	1
43250	1
43251	1
43252	1
43253	1
43254	1
43255	1
43328	1
43331	1
43332	1
43333	1
43334	1
43335	1
43336	1
43404	0
43408	1
43411	1
43412	1
43413	1
43414	1
43415	1
43416	1
43417	1
43489	1
43490	1
43493	1
43494	1
43495	1
43496	1
43497	1
43498	1
43567	0
43571	1
43574	1
43575	1
43576	1
43577	1
43578	1
43579	1
43648	0
43651	1
43652	1
43655	1
43656	1
43657	1
43658	1
43659	1
43660	1
43729	0
43732	1
43733	1
43736	1
43737	1
43738	1
43739	1
43740	1
43741	1
43811	0
43814	1
43815	1
43818	1
43819	1
43820	1
43821	1
43822	1
43891	0
43892	1
43894	1
43898	1
43899	1
43900	1
43901	1
43902	1
43903	1
43972	0
43974	1
43975	1
43977	1
43980	1
43981	1
43982	1
43983	1
43984	1
44056	1
44061	1
44062	1
44063	1
44064	1
44065	1
44141	1
44142	1
44143	1
44144	1
44145	1
44146	1
44222	1
44223	1
44224	1
44225	1
44226	1
44227	1
44303	1
44304	1
44305	1
44306	1
44307	1
44308	1
44383	1
44384	1
44385	1
44386	1
44387	1
44388	1
44389	1
44465	1
44466	1
44467	1
44468	1
44469	1
44470	1
44546	1
44547	1
44548	1
44549	1
44550	1
44551	1
44626	1
44627	1
44628	1
44629	1
44630	1
44631	1
44632	1
44708	1
44709	1
44710	1
44711	1
44712	1
44713	1
44789	1
44790	1
44791	1
44792	1
44793	1
44794	1
44870	1
44871	1
44872	1
44873	1
44874	1
44875	1
44951	1
44952	1
44953	1
44954	1
44955	1
44956	1
45032	1
45033	1
45034	1
45035	1
45036	1
45037	1
45113	1
45114	1
45115	1
45116	1
45117	1
45118	1
45194	1
45195	1
45197	1
45198	1
45199	1
45275	1
45276	1
45277	1
45280	1
45355	1
45356	1
45357	1
45360	1
45361	1
45437	1
45438	1
45442	1
45518	1
45519	1
45520	1
45599	1
45600	1
45604	1
45680	1
45682	1
45763	1
45847	1
45928	1
46090	0
46171	0
46252	0
46333	0
46414	0
46495	0
46576	0
46657	0
46738	0
46819	0
46900	0
59101	0
59102	0
59103	0
59104	0
59105	0
59106	1
59107	1
59108	1
59109	1
59110	1
59111	1
59112	1
59113	1
59114	1
59115	1
59116	1
59117	1
59118	1
59119	1
59120	1
59121	1
59122	1
59123	1
59124	1
59125	1
59129	1
59130	1
59131	1
59181	0
59182	0
59183	0
59184	0
59185	0
59187	1
59188	1
59189	1
59190	1
59191	1
59192	1
59193	1
59194	1
59195	1
59196	1
59197	1
59198	1
59199	1
59200	1
59201	1
59202	1
59203	1
59204	1
59205	1
59206	1
59209	1
59210	1
59211	1
59212	1
59262	0
59263	0
59264	0
59265	0
59266	0
59267	0
59268	1
59269	1
59270	1
59271	1
59272	1
59273	1
59274	1
59275	1
59276	1
59277	1
59278	1
59279	1
59280	1
59281	1
59282	1
59283	1
59284	1
59285	1
59286	1
59287	1
59291	1
59292	1
59293	1
59344	0
59345	0
59346	0
59347	0
59348	0
59350	1
59351	1
59352	1
59353	1
59354	1
59355	1
59356	1
59357	1
59358	1
59359	1
59360	1
59361	1
59362	1
59363	1
59364	1
59365	1
59366	1
59367	1
59368	1
59369	1
59372	1
59373	1
59374	1
59424	0
59425	0
59426	0
59427	0
59428	0
59430	1
59431	1
59432	1
59433	1
59434	1
59435	1
59436	1
59437	1
59438	1
59439	1
59440	1
59441	1
59442	1
59443	1
59444	1
59445	1
59446	1
59447	1
59448	1
59449	1
59452	1
59453	1
59454	1
59455	1
59506	0
59507	0
59508	0
59509	0
59510	0
59512	1
59514	1
59515	1
59516	1
59517	1
59518	1
59519	1
59520	1
59521	1
59522	1
59523	1
59524	1
59525	1
59526	1
59527	1
59528	1
59529	1
59530	1
59534	1
59535	1
59536	1
59587	0
59588	0
59589	0
59590	0
59591	0
59595	1
59596	1
59597	1
59598	1
59599	1
59600	1
59601	1
59602	1
59603	1
59604	1
59605	1
59606	1
59607	1
59608	1
59609	1
59610	1
59611	1
59616	1
59617	1
59668	0
59669	0
59670	0
59671	0
59672	1
59673	1
59676	1
59677	1
59678	1
59679	1
59680	1
59681	1
59682	1
59683	1
59684	1
59685	1
59686	1
59687	1
59688	1
59689	1
59690	1
59691	1
59697	1
59698	1
59749	0
59750	0
59751	0
59752	0
59753	0
59754	1
59758	1
59759	1
59760	1
59761	1
59762	1
59763	1
59764	1
59765	1
59766	1
59767	1
59768	1
59769	1
59770	1
59771	1
59772	1
59773	1
59779	1
59830	0
59831	0
59832	0
59833	0
59834	0
59835	0
59840	1
59841	1
59842	1
59843	1
59844	1
59845	1
59846	1
59847	1
59848	1
59849	1
59850	1
59851	1
59852	1
59853	1
59854	1
59855	1
59860	1
59910	0
59911	0
59912	0
59913	0
59914	0
59915	0
59916	0
59921	1
59922	1
59923	1
59924	1
59925	1
59926	1
59927	1
59928	1
59929	1
59930	1
59931	1
59932	1
59933	1
59934	1
59935	1
59941	1
59991	0
59992	0
59993	0
59994	0
59995	0
59996	0
59997	0
60003	1
60004	1
60005	1
60006	1
60007	1
60008	1
60009	1
60010	1
60011	1
60012	1
60013	1
60014	1
60015	1
60016	1
60017	1
60073	0
60074	0
60075	0
60076	0
60077	0
60078	0
60084	1
60085	1
60086	1
60087	1
60088	1
60089	1
60090	1
60091	1
60092	1
60093	1
60094	1
60095	1
60096	1
60097	1
60098	1
60099	1
60153	0
60154	0
60155	0
60156	0
60157	0
60158	0
60159	0
60165	1
60166	1
60167	1
60168	1
60169	1
60170	1
60171	1
60172	1
60173	1
60174	1
60175	1
60176	1
60177	1
60178	1
60179	1
60180	1
60184	0
60235	0
60236	0
60237	0
60238	0
60239	0
60240	0
60246	1
60247	1
60248	1
60249	1
60250	1
60251	1
60252	1
60253	1
60254	1
60255	1
60256	1
60257	1
60258	1
60259	1
60260	1
60261	1
60262	1
60316	0
60317	0
60318	0
60319	0
60320	0
60321	0
60322	0
60329	1
60330	1
60331	1
60332	1
60333	1
60334	1
60335	1
60336	1
60337	1
60338	1
60339	1
60340	1
60341	1
60342	1
60343	1
60344	1
60397	0
60398	0
60399	0
60400	0
60401	0
60402	0
60403	0
60409	1
60410	1
60411	1
60412	1
60413	1
60414	1
60415	1
60416	1
60417	1
60418	1
60419	1
60420	1
60421	1
60422	1
60423	1
60424	1
60478	0
60479	0
60480	0
60481	0
60482	0
60483	0
60484	0
60491	1
60492	1
60493	1
60494	1
60495	1
60496	1
60497	1
60498	1
60499	1
60500	1
60501	1
60502	1
60503	1
60504	1
60505	1
60506	1
60556	0
60557	0
60560	0
60561	0
60562	0
60563	0
60564	0
60565	0
60566	0
60573	1
60574	1
60575	1
60576	1
60577	1
60578	1
60579	1
60580	1
60581	1
60582	1
60583	1
60584	1
60585	1
60586	1
60587	1
60636	0
60637	0
60638	0
60640	0
60641	0
60642	0
60643	0
60644	0
60645	0
60646	0
60653	1
60654	1
60655	1
60656	1
60657	1
60658	1
60659	1
60660	1
60661	1
60662	1
60663	1
60664	1
60665	1
60666	1
60667	1
60717	0
60718	0
60719	0
60720	0
60722	0
60723	0
60724	0
60725	0
60726	0
60727	0
60735	1
60736	1
60737	1
60738	1
60739	1
60740	1
60741	1
60742	1
60743	1
60744	1
60745	1
60746	1
60747	1
60748	1
60750	1
60798	0
60799	0
60800	0
60801	0
60802	0
60803	0
60804	0
60805	0
60806	0
60807	0
60808	0
60809	0
60816	1
60817	1
60818	1
60819	1
60820	1
60821	1
60822	1
60823	1
60824	1
60825	1
60826	1
60827	1
60828	1
60829	1
60878	0
60879	0
60880	0
60881	0
60882	0
60883	0
60884	0
60885	0
60886	0
60887	0
60888	0
60889	0
60896	1
60897	1
60898	1
60899	1
60900	1
60901	1
60902	1
60903	1
60904	1
60905	1
60906	1
60907	1
60908	1
60909	1
60910	1
60959	0
60960	0
60961	0
60962	0
60963	0
60964	0
60965	0
60966	0
60967	0
60968	0
60969	0
60970	0
60971	0
60976	1
60977	1
60978	1
60979	1
60980	1
60981	1
60982	1
60983	1
60984	1
60985	1
60986	1
60987	1
60988	1
60989	1
60990	1
60991	1
60992	1
61040	0
61041	0
61042	0
61043	0
61044	0
61045	0
61046	0
61047	0
61048	0
61049	0
61050	0
61051	0
61052	0
61056	1
61057	1
61058	1
61059	1
61060	1
61061	1
61062	1
61063	1
61064	1
61065	1
61066	1
61067	1
61068	1
61069	1
61070	1
61071	1
61072	1
61073	1
61074	1
61075	1
61120	0
61121	0
61122	0
61123	0
61124	0
61125	0
61126	0
61127	0
61128	0
61129	0
61130	0
61131	0
61132	0
61137	1
61138	1
61139	1
61140	1
61141	1
61142	1
61143	1
61144	1
61145	1
61146	1
61147	1
61148	1
61149	1
61150	1
61151	1
61152	1
61153	1
61154	1
61155	1
61202	0
61203	0
61204	0
61205	0
61206	0
61207	0
61208	0
61209	0
61210	0
61211	0
61212	0
61213	0
61218	1
61219	1
61220	1
61221	1
61222	1
61223	1
61224	1
61225	1
61226	1
61227	1
61228	1
61229	1
61230	1
61231	1
61232	1
61233	1
61234	1
61235	1
61236	1
61237	1
61283	0
61284	0
61285	0
61286	0
61287	0
61288	0
61289	0
61290	0
61291	0
61292	0
61293	0
61294	0
61300	1
61301	1
61302	1
61303	1
61304	1
61305	1
61306	1
61307	1
61308	1
61309	1
61310	1
61311	1
61312	1
61313	1
61314	1
61315	1
61316	1
61317	1
61318	1
61364	0
61365	0
61366	0
61367	0
61368	0
61369	0
61370	0
61371	0
61372	0
61373	0
61374	0
61375	0
61380	1
61382	1
61383	1
61384	1
61385	1
61386	1
61387	1
61388	1
61389	1
61390	1
61391	1
61392	1
61393	1
61394	1
61395	1
61396	1
61397	1
61398	1
61445	0
61446	0
61447	0
61448	0
61449	0
61450	0
61451	0
61452	0
61453	0
61454	0
61455	0
61456	0
61464	1
61465	1
61466	1
61467	1
61468	1
61469	1
61470	1
61471	1
61472	1
61473	1
61474	1
61475	1
61476	1
61477	1
61478	1
61479	1
61480	1
61527	0
61528	0
61529	0
61530	0
61531	0
61532	0
61533	0
61534	0
61535	0
61536	0
61537	0
61543	1
61545	1
61546	1
61547	1
61548	1
61549	1
61550	1
61551	1
61552	1
61553	1
61554	1
61555	1
61556	1
61557	1
61558	1
61559	1
61560	1
61561	1
61607	0
61608	0
61609	0
61610	0
61611	0
61612	0
61613	0
61614	0
61615	0
61616	0
61617	0
61626	1
61627	1
61628	1
61629	1
61630	1
61631	1
61632	1
61633	1
61634	1
61635	1
61636	1
61637	1
61638	1
61639	1
61640	1
61689	0
61690	0
61691	0
61692	0
61693	0
61694	0
61695	0
61696	0
61697	0
61698	0
61699	0
61707	1
61708	1
61709	1
61710	1
61711	1
61712	1
61713	1
61714	1
61715	1
61716	1
61717	1
61718	1
61719	1
61720	1
61721	1
61722	1
61723	1
61770	0
61771	0
61772	0
61773	0
61774	0
61775	0
61776	0
61777	0
61778	0
61779	0
61780	0
61786	1
61789	1
61790	1
61791	1
61792	1
61793	1
61794	1
61795	1
61796	1
61797	1
61798	1
61799	1
61800	1
61801	1
61802	1
61803	1
61804	1
61851	0
61852	0
61853	0
61854	0
61855	0
61856	0
61857	0
61858	0
61859	0
61860	0
61861	0
61866	1
61869	1
61870	1
61871	1
61872	1
61873	1
61874	1
61875	1
61876	1
61877	1
61878	1
61879	1
61880	1
61881	1
61882	1
61883	1
61884	1
61932	0
61933	0
61934	0
61935	0
61936	0
61937	0
61938	0
61939	0
61940	0
61941	0
61942	0
61947	1
61948	1
61951	1
61952	1
61953	1
61954	1
61955	1
61956	1
61957	1
61958	1
61959	1
61960	1
61961	1
61962	1
61963	1
61964	1
61965	1
61966	1
62014	0
62015	0
62016	0
62017	0
62018	0
62019	0
62020	0
62021	0
62022	0
62023	0
62029	1
62030	1
62031	1
62032	1
62033	1
62034	1
62035	1
62036	1
62037	1
62038	1
62039	1
62040	1
62041	1
62042	1
62043	1
62044	1
62045	1
62046	1
62047	1
62094	0
62095	0
62096	0
62097	0
62098	0
62099	0
62100	0
62101	0
62102	0
62103	0
62104	0
62109	1
62110	1
62111	1
62113	1
62114	1
62115	1
62116	1
62117	1
62118	1
62119	1
62120	1
62121	1
62122	1
62123	1
62124	1
62125	1
62126	1
62127	1
62128	1
62176	0
62177	0
62178	0
62179	0
62180	0
62181	0
62182	0
62183	0
62189	1
62190	1
62191	1
62192	1
62193	1
62194	1
62195	1
62196	1
62197	1
62198	1
62199	1
62200	1
62201	1
62202	1
62203	1
62204	1
62205	1
62206	1
62207	1
62208	1
62209	1
62257	0
62259	0
62260	0
62261	0
62262	0
62263	0
62264	0
62267	0
62271	1
62272	1
62273	1
62274	1
62275	1
62276	1
62277	1
62278	1
62279	1
62280	1
62281	1
62282	1
62283	1
62284	1
62285	1
62286	1
62287	1
62288	1
62289	1
62290	1
62338	0
62339	0
62340	0
62341	0
62342	0
62343	0
62344	0
62345	0
62346	0
62347	0
62351	1
62352	1
62353	1
62354	1
62355	1
62356	1
62357	1
62358	1
62359	1
62360	1
62361	1
62362	1
62363	1
62364	1
62365	1
62366	1
62367	1
62368	1
62369	1
62370	1
62371	1
62419	0
62420	0
62421	0
62422	0
62423	0
62424	0
62425	0
62426	0
62427	0
62429	0
62432	1
62433	1
62434	1
62435	1
62436	1
62437	1
62438	1
62439	1
62440	1
62441	1
62442	1
62443	1
62444	1
62445	1
62446	1
62447	1
62448	1
62449	1
62450	1
62451	1
62452	1
62501	0
62502	0
62503	0
62504	0
62505	0
62508	0
62509	0
62510	0
62511	0
62512	0
62513	1
62514	1
62515	1
62516	1
62517	1
62518	1
62519	1
62520	1
62521	1
62522	1
62523	1
62524	1
62525	1
62526	1
62527	1
62528	1
62529	1
62530	1
62531	1
62532	1
62533	1
62581	0
62582	0
62583	0
62584	0
62585	0
62586	0
62588	0
62589	0
62591	0
62592	0
62593	1
62594	1
62595	1
62596	1
62597	1
62598	1
62599	1
62600	1
62601	1
62602	1
62603	1
62604	1
62605	1
62606	1
62607	1
62608	1
62609	1
62610	1
62611	1
62612	1
62613	1
62614	1
62663	0
62664	0
62665	0
62666	0
62667	0
62669	0
62671	0
62673	0
62674	1
62676	1
62677	1
62678	1
62679	1
62680	1
62681	1
62682	1
62683	1
62684	1
62685	1
62686	1
62687	1
62688	1
62689	1
62690	1
62691	1
62692	1
62693	1
62694	1
62695	1
62744	0
62745	0
62746	0
62747	0
62748	0
62753	0
62754	1
62755	0
62757	1
62758	1
62759	1
62760	1
62761	1
62762	1
62763	1
62764	1
62765	1
62766	1
62767	1
62768	1
62769	1
62770	1
62771	1
62772	1
62773	1
62774	1
62775	1
62776	1
62825	0
62826	0
62827	0
62828	0
62829	0
62833	0
62835	1
62836	1
62838	1
62839	1
62840	1
62841	1
62842	1
62843	1
62844	1
62845	1
62846	1
62847	1
62848	1
62849	1
62850	1
62851	1
62852	1
62853	1
62854	1
62855	1
62856	1
62857	1
62906	0
62907	0
62908	0
62909	0
62910	0
62911	0
62914	0
62915	0
62916	1
62917	1
62919	1
62920	1
62921	1
62922	1
62923	1
62924	1
62925	1
62926	1
62927	1
62928	1
62929	1
62930	1
62931	1
62932	1
62933	1
62934	1
62935	1
62936	1
62937	1
62938	1
62988	0
62989	0
62990	0
62991	0
62992	0
62993	0
62994	0
62995	0
62996	0
62997	0
62998	1
63000	1
63001	1
63002	1
63003	1
63004	1
63005	1
63006	1
63007	1
63008	1
63009	1
63010	1
63011	1
63012	1
63013	1
63014	1
63015	1
63016	1
63017	1
63018	1
63019	1
63068	0
63069	0
63070	0
63071	0
63072	0
63074	0
63075	0
63076	0
63077	0
63078	1
63079	1
63080	1
63081	1
63082	1
63083	1
63084	1
63085	1
63086	1
63087	1
63088	1
63089	1
63090	1
63091	1
63092	1
63093	1
63094	1
63095	1
63096	1
63097	1
63098	1
63099	1
63100	1
63150	0
63151	0
63152	0
63153	0
63154	0
63155	0
63156	0
63157	0
63158	0
63159	0
63160	1
63161	1
63162	1
63163	1
63164	1
63165	1
63166	1
63167	1
63168	1
63169	1
63170	1
63171	1
63172	1
63173	1
63174	1
63175	1
63176	1
63177	1
63178	1
63179	1
63180	1
63181	1
63231	0
63232	0
63233	0
63234	0
63235	0
63236	0
63237	0
63238	0
63240	0
63241	0
63243	1
63244	1
63245	1
63246	1
63247	1
63248	1
63249	1
63250	1
63251	1
63252	1
63253	1
63254	1
63255	1
63256	1
63257	1
63258	1
63259	1
63260	1
63261	1
63262	1
63312	0
63313	0
63314	0
63315	0
63316	0
63317	0
63318	0
63320	0
63321	0
63322	0
63323	1
63324	1
63325	1
63326	1
63327	1
63328	1
63329	1
63330	1
63331	1
63332	1
63333	1
63334	1
63335	1
63336	1
63337	1
63338	1
63339	1
63340	1
63341	1
63342	1
63343	1
63393	0
63394	0
63395	0
63396	0
63397	0
63398	0
63399	0
63400	0
63401	0
63402	0
63403	0
63405	1
63406	1
63407	1
63408	1
63409	1
63410	1
63411	1
63412	1
63413	1
63414	1
63415	1
63416	1
63417	1
63418	1
63419	1
63420	1
63421	1
63422	1
63424	1
63475	0
63476	0
63477	0
63479	0
63480	0
63481	0
63482	0
63483	0
63484	0
63486	1
63487	1
63488	1
63489	1
63490	1
63491	1
63492	1
63493	1
63494	1
63495	1
63496	1
63497	1
63498	1
63499	1
63500	1
63501	1
63502	1
63503	1
63504	1
63505	1
63555	0
63556	0
63557	0
63558	0
63559	0
63560	0
63561	0
63562	0
63563	0
63564	0
63566	0
63567	0
63568	0
63569	1
63570	1
63571	1
63572	1
63573	1
63574	1
63575	1
63576	1
63577	1
63578	1
63579	1
63580	1
63581	1
63582	1
63583	1
63584	1
63585	1
63586	1
63637	0
63638	0
63639	0
63640	0
63641	0
63642	0
63643	0
63644	0
63645	0
63646	0
63647	0
63648	0
63649	0
63650	1
63651	1
63652	1
63653	1
63654	1
63655	1
63656	1
63657	1
63658	1
63659	1
63660	1
63661	1
63662	1
63663	1
63664	1
63665	1
63666	1
63667	1
63718	0
63719	0
63720	0
63721	0
63722	0
63724	0
63725	0
63726	0
63727	0
63729	0
63730	0
63731	0
63732	1
63733	1
63734	1
63735	1
63736	1
63737	1
63738	1
63739	1
63740	1
63741	1
63742	1
63743	1
63744	1
63745	1
63746	1
63747	1
63748	1
63799	0
63800	0
63801	0
63802	0
63803	0
63804	0
63805	0
63806	0
63807	0
63808	0
63809	0
63810	0
63811	0
63812	1
63813	1
63814	1
63815	1
63816	1
63817	1
63818	1
63819	1
63820	1
63821	1
63822	1
63823	1
63824	1
63825	1
63826	1
63827	1
63828	1
63829	1
63880	0
63881	0
63882	0
63883	0
63884	0
63885	0
63886	0
63887	0
63888	0
63889	0
63890	0
63894	1
63895	1
63896	1
63897	1
63898	1
63899	1
63900	1
63901	1
63902	1
63903	1
63904	1
63905	1
63906	1
63907	1
63908	1
63909	1
63910	1
63962	0
63963	0
63964	0
63965	0
63967	0
63968	0
63969	0
63970	0
63971	0
63976	1
63977	1
63978	1
63979	1
63980	1
63981	1
63982	1
63983	1
63984	1
63985	1
63986	1
63987	1
63988	1
63989	1
63990	1
63991	1
64042	0
64043	0
64044	0
64045	0
64048	0
64049	0
64050	0
64051	0
64056	1
64057	1
64058	1
64059	1
64060	1
64061	1
64062	1
64063	1
64064	1
64065	1
64066	1
64067	1
64068	1
64069	1
64070	1
64071	1
64072	1
64124	0
64125	0
64126	0
64127	0
64131	0
64138	1
64139	1
64140	1
64141	1
64142	1
64143	1
64144	1
64145	1
64146	1
64147	1
64148	1
64149	1
64150	1
64151	1
64152	1
64153	1
64205	0
64206	0
64207	0
64208	0
64219	0
64220	0
64221	1
64222	1
64223	1
64224	1
64225	1
64226	1
64227	1
64228	1
64229	1
64230	1
64231	1
64232	1
64233	1
64234	1
64286	0
64287	0
64293	0
64300	0
64301	0
64302	1
64303	1
64304	1
64305	1
64306	1
64307	1
64308	1
64309	1
64310	1
64311	1
64312	1
64313	1
64314	1
64315	1
64367	0
64368	0
64382	0
64383	1
64384	1
64385	1
64386	1
64387	1
64388	1
64389	1
64390	1
64391	1
64392	1
64393	1
64394	1
64395	1
64396	1
64449	0
64451	0
64463	0
64464	0
64465	1
64466	1
64467	1
64468	1
64469	1
64470	1
64471	1
64472	1
64473	1
64474	1
64475	1
64476	1
64477	1
64529	0
64530	0
64544	0
64545	0
64546	1
64547	1
64548	1
64549	1
64550	1
64551	1
64552	1
64553	1
64554	1
64555	1
64556	1
64557	1
64558	1
64611	0
64625	0
64626	0
64627	0
64628	0
64629	1
64630	1
64631	1
64632	1
64633	1
64634	1
64635	1
64636	1
64637	1
64638	1
64639	1
64694	0
64707	0
64708	0
64709	0
64710	0
64711	1
64712	1
64713	1
64714	1
64715	1
64716	1
64717	1
64718	1
64719	1
64720	1
64783	0
64784	0
64787	0
64788	0
64789	0
64790	0
64791	1
64792	1
64793	1
64794	1
64795	1
64796	1
64797	1
64798	1
64799	1
64800	1
64801	1
64856	0
64864	0
64865	0
64866	0
64869	0
64870	0
64871	0
64872	1
64873	1
64874	1
64875	1
64876	1
64877	1
64878	1
64879	1
64880	1
64881	1
64882	1
64946	0
64947	0
64950	0
64951	0
64952	0
64953	0
64954	1
64955	1
64956	1
64957	1
64958	1
64959	1
64960	1
64961	1
64962	1
64963	1
65026	0
65027	0
65028	0
65031	0
65032	0
65033	0
65034	1
65035	1
65036	1
65037	1
65038	1
65039	1
65040	1
65041	1
65042	1
65043	1
65044	1
65106	0
65107	0
65108	0
65109	0
65112	0
65113	0
65114	0
65115	0
65116	1
65117	1
65118	1
65119	1
65120	1
65121	1
65122	1
65123	1
65124	1
65125	1
65188	0
65189	0
65190	0
65191	0
65194	0
65195	0
65196	0
65197	1
65198	1
65199	1
65200	1
65201	1
65202	1
65203	1
65204	1
65205	1
65206	1
65268	0
65269	0
65270	0
65271	0
65272	0
65274	0
65275	0
65276	0
65277	0
65278	1
65279	1
65280	1
65281	1
65282	1
65283	1
65284	1
65285	1
65286	1
65287	1
65349	0
65350	0
65351	0
65352	0
65353	0
65354	0
65355	0
65356	0
65357	0
65358	0
65359	1
65360	1
65361	1
65362	1
65363	1
65364	1
65365	1
65366	1
65367	1
65368	1
65429	0
65430	0
65431	0
65432	0
65433	0
65434	0
65435	0
65436	0
65437	0
65438	0
65439	0
65440	1
65441	1
65442	1
65443	1
65444	1
65445	1
65446	1
65447	1
65448	1
65449	1
65510	0
65511	0
65512	0
65513	0
65514	0
65515	0
65516	0
65517	0
65518	0
65519	0
65520	0
65521	0
65522	1
65523	1
65524	1
65525	1
65526	1
65527	1
65528	1
65529	1
65530	1
65591	0
65592	0
65593	0
65594	0
65595	0
65596	0
65597	0
65598	0
65599	0
65600	0
65601	0
65602	0
65603	0
65604	1
65605	1
65606	1
65607	1
65608	1
65609	1
65610	1
65611	1
65673	0
65674	0
65675	0
65676	0
65677	0
65678	0
65679	0
65680	0
65681	0
65682	0
65683	0
65684	0
65685	1
65686	1
65687	1
65688	1
65689	1
65690	1
65691	1
65692	1
65753	0
65754	0
65755	0
65756	0
65757	0
65758	0
65759	0
65760	0
65761	0
65762	0
65763	0
65764	0
65765	1
65766	1
65767	1
65768	1
65769	1
65770	1
65771	1
65772	1
65773	1
65835	0
65836	0
65837	0
65838	0
65839	0
65840	0
65841	0
65842	0
65843	0
65844	0
65845	0
65846	0
65847	1
65848	1
65849	1
65850	1
65851	1
65852	1
65853	1
65854	1
65916	0
65917	0
65918	0
65919	0
65920	0
65921	0
65922	0
65923	0
65924	0
65925	0
65926	0
65927	0
65928	1
65929	1
65930	1
65931	1
65932	1
65933	1
65934	1
65935	1
65997	0
65998	0
65999	0
66000	0
66001	0
66002	0
66003	0
66004	0
66005	0
66006	0
66007	1
66008	1
66009	1
66010	1
66011	1
66012	1
66013	1
66014	1
66015	1
66016	1
66078	0
66079	0
66080	0
66081	0
66082	0
66083	0
66084	0
66085	0
66086	0
66087	0
66088	0
66089	1
66090	1
66091	1
66092	1
66093	1
66094	1
66095	1
66096	1
66097	1
66160	0
66161	0
66162	0
66163	0
66164	0
66165	0
66166	0
66167	0
66168	0
66169	0
66170	1
66171	1
66172	1
66173	1
66174	1
66175	1
66176	1
66177	1
66178	1
66240	0
66242	0
66243	0
66244	0
66245	0
66246	0
66247	0
66248	0
66249	0
66250	0
66251	1
66252	1
66253	1
66254	1
66255	1
66256	1
66257	1
66258	1
66259	1
66322	0
66323	0
66324	0
66325	0
66326	0
66327	0
66328	0
66329	0
66330	0
66331	0
66332	1
66333	1
66334	1
66335	1
66336	1
66337	1
66338	1
66339	1
66340	1
66403	0
66404	0
66405	0
66406	0
66407	0
66408	0
66409	0
66410	0
66411	0
66412	0
66413	0
66414	1
66415	1
66416	1
66417	1
66418	1
66419	1
66420	1
66421	1
66484	0
66485	0
66486	0
66487	0
66488	0
66489	0
66490	0
66491	0
66492	0
66493	0
66494	1
66495	1
66496	1
66497	1
66498	1
66499	1
66500	1
66501	1
66502	1
66565	0
66566	0
66567	0
66568	0
66570	0
66571	0
66572	0
66573	0
66574	0
66575	1
66576	1
66577	1
66578	1
66579	1
66580	1
66581	1
66582	1
66583	1
66647	0
66648	0
66649	0
66650	0
66651	0
66652	0
66653	0
66654	0
66655	0
66656	0
66657	1
66658	1
66659	1
66660	1
66661	1
66662	1
66663	1
66664	1
66727	0
66728	0
66729	0
66730	0
66732	0
66733	0
66734	0
66735	0
66736	0
66737	1
66738	1
66739	1
66740	1
66741	1
66742	1
66743	1
66744	1
66745	1
66809	0
66810	0
66811	0
66814	0
66815	0
66816	0
66817	0
66818	0
66819	0
66820	1
66821	1
66822	1
66823	1
66824	1
66825	1
66826	1
66890	0
66891	0
66892	0
66893	0
66895	0
66896	0
66897	0
66898	0
66899	0
66900	0
66901	0
66902	1
66903	1
66904	1
66905	1
66906	1
66907	1
66970	0
66971	0
66972	0
66973	0
66974	0
66975	0
66976	0
66977	0
66978	0
66979	0
66980	0
66981	0
66982	1
66983	1
66984	1
66985	1
66986	1
66987	1
66988	1
67052	0
67053	0
67054	0
67055	0
67056	0
67057	0
67058	0
67059	0
67060	0
67061	0
67062	0
67063	0
67064	1
67065	1
67066	1
67067	1
67068	1
67069	1
67133	0
67134	0
67135	0
67136	0
67137	0
67138	0
67140	0
67141	0
67142	0
67143	0
67144	0
67145	1
67146	1
67147	1
67148	1
67149	1
67150	1
67214	0
67215	0
67216	0
67217	0
67218	0
67219	0
67220	0
67221	0
67222	0
67223	0
67224	0
67225	1
67226	1
67227	1
67228	1
67229	1
67230	1
67231	1
67295	0
67296	0
67297	0
67298	0
67299	0
67300	0
67301	0
67302	0
67303	0
67304	0
67305	0
67306	0
67307	1
67308	1
67309	1
67310	1
67311	1
67312	1
67377	0
67378	0
67379	0
67380	0
67381	0
67382	0
67383	0
67384	0
67385	0
67386	0
67387	0
67388	1
67389	1
67390	1
67391	1
67392	1
67393	1
67457	0
67458	0
67459	0
67460	0
67461	0
67462	0
67463	0
67464	0
67465	0
67466	0
67467	0
67468	0
67469	0
67470	1
67471	1
67472	1
67473	1
67474	1
67538	0
67539	0
67540	0
67541	0
67542	0
67543	0
67544	0
67545	0
67546	0
67547	0
67548	0
67549	0
67550	0
67551	0
67552	1
67553	1
67554	1
67555	1
67619	0
67620	0
67621	0
67622	0
67623	0
67624	0
67625	0
67626	0
67627	0
67628	0
67629	0
67630	0
67631	0
67632	0
67633	1
67634	1
67635	1
67636	1
67699	0
67700	0
67701	0
67702	0
67703	0
67704	0
67705	0
67706	0
67707	0
67708	0
67709	0
67710	0
67711	0
67712	0
67713	0
67714	1
67715	1
67716	1
67717	1
67780	0
67781	0
67782	0
67783	0
67784	0
67785	0
67786	0
67787	0
67788	0
67789	0
67790	0
67791	0
67792	0
67793	0
67794	0
67795	1
67796	1
67797	1
67798	1
67861	0
67862	0
67863	0
67864	0
67865	0
67866	0
67867	0
67868	0
67869	0
67870	0
67871	0
67872	0
67873	0
67874	0
67875	0
67876	0
67877	1
67878	1
67879	1
67941	0
67942	0
67943	0
67944	0
67945	0
67946	0
67947	0
67948	0
67949	0
67950	0
67951	0
67952	0
67953	0
67954	0
67955	0
67956	0
67957	1
67958	1
67959	1
67960	1
68022	0
68023	0
68024	0
68025	0
68026	0
68027	0
68028	0
68029	0
68030	0
68031	0
68032	0
68033	0
68034	0
68035	0
68036	0
68037	0
68038	0
68039	1
68040	1
68041	1
68103	0
68104	0
68105	0
68106	0
68107	0
68108	0
68109	0
68110	0
68111	0
68112	0
68113	0
68114	0
68115	0
68116	0
68117	0
68118	0
68119	1
68120	1
68121	1
68122	1
68184	0
68185	0
68186	0
68187	0
68188	0
68189	0
68190	0
68191	0
68192	0
68193	0
68194	0
68195	0
68196	0
68197	0
68198	0
68199	1
68200	1
68201	1
68202	1
68203	1
68265	0
68266	0
68267	0
68268	0
68269	0
68270	0
68271	0
68272	0
68273	0
68274	0
68275	0
68276	0
68277	0
68278	0
68279	0
68280	0
68281	1
68282	1
68283	1
68284	1
68347	0
68348	0
68349	0
68350	0
68351	0
68352	0
68353	0
68354	0
68355	0
68356	0
68357	0
68358	0
68359	0
68360	0
68361	0
68362	1
68363	1
68364	1
68365	1
68427	0
68428	0
68429	0
68430	0
68431	0
68432	0
68433	0
68434	0
68435	0
68436	0
68437	0
68438	0
68439	0
68440	0
68441	0
68442	0
68443	1
68444	1
68445	1
68446	1
68509	0
68510	0
68511	0
68512	0
68513	0
68514	0
68515	0
68516	0
68517	0
68518	0
68519	0
68520	0
68521	0
68522	0
68523	1
68524	1
68525	1
68526	1
68527	1
68590	0
68591	0
68592	0
68593	0
68594	0
68595	0
68596	0
68597	0
68598	0
68599	0
68600	0
68601	0
68602	0
68603	0
68604	1
68605	1
68606	1
68607	1
68608	1
68671	0
68672	0
68673	0
68674	0
68675	0
68676	0
68677	0
68678	0
68679	0
68680	0
68681	0
68682	0
68683	0
68684	0
68685	1
68686	1
68687	1
68688	1
68689	1
68752	0
68754	0
68755	0
68756	0
68757	0
68758	0
68759	0
68760	0
68761	0
68762	0
68763	0
68764	0
68765	0
68766	1
68767	1
68768	1
68769	1
68770	1
68834	0
68836	0
68837	0
68838	0
68839	0
68840	0
68841	0
68842	0
68843	0
68844	0
68845	0
68846	0
68847	0
68848	1
68849	1
68850	1
68851	1
68914	0
68916	0
68917	0
68918	0
68919	0
68920	0
68921	0
68922	0
68923	0
68924	0
68925	0
68926	0
68927	0
68928	1
68929	1
68930	1
68931	1
68932	1
68996	0
68998	0
68999	0
69000	0
69001	0
69002	0
69003	0
69004	0
69005	0
69006	0
69007	0
69008	0
69009	0
69010	1
69011	1
69012	1
69013	1
69077	0
69080	0
69081	0
69082	0
69083	0
69084	0
69085	0
69086	0
69087	0
69088	0
69089	0
69090	0
69091	1
69092	1
69093	1
69094	1
69158	0
69160	0
69161	0
69162	0
69163	0
69164	0
69165	0
69166	0
69167	0
69168	0
69169	0
69170	0
69171	0
69172	1
69173	1
69174	1
69175	1
69239	0
69240	0
69242	0
69243	0
69244	0
69245	0
69246	0
69247	0
69248	0
69249	0
69250	0
69251	0
69252	0
69253	1
69254	1
69255	1
69256	1
69321	0
69323	0
69324	0
69325	0
69326	0
69327	0
69328	0
69329	0
69330	0
69331	0
69332	0
69333	0
69334	0
69335	1
69336	1
69337	1
69401	0
69404	0
69405	0
69406	0
69407	0
69408	0
69409	0
69410	0
69411	0
69412	0
69413	0
69414	1
69415	1
69416	1
69417	1
69418	1
69483	0
69485	0
69486	0
69488	0
69489	0
69490	0
69491	0
69492	0
69493	0
69494	1
69495	1
69496	1
69497	1
69498	1
69499	1
69564	0
69567	0
69570	0
69571	0
69572	0
69573	0
69574	0
69575	0
69576	1
69577	1
69578	1
69579	1
69580	1
69647	0
69648	0
69650	0
69651	0
69652	0
69653	0
69654	0
69655	0
69656	1
69657	1
69658	1
69659	1
69660	1
69661	1
69729	0
69730	0
69732	0
69733	0
69734	0
69735	0
69736	1
69737	1
69738	1
69739	1
69740	1
69741	1
69742	1
69810	0
69811	0
69813	0
69814	0
69815	0
69816	0
69817	0
69818	1
69819	1
69820	1
69821	1
69822	1
69823	1
69891	0
69892	0
69894	0
69895	0
69896	0
69897	0
69898	1
69899	1
69900	1
69901	1
69902	1
69903	1
69904	1
69972	0
69973	0
69975	0
69976	0
69977	0
69978	0
69979	0
69980	1
69981	1
69982	1
69983	1
69984	1
69985	1
70054	0
70055	0
70057	0
70058	0
70059	0
70060	0
70061	1
70062	1
70063	1
70064	1
70065	1
70066	1
70135	0
70136	0
70137	0
70138	0
70139	0
70140	0
70141	0
70142	1
70143	1
70144	1
70145	1
70146	1
70147	1
70216	0
70219	0
70220	0
70221	0
70223	0
70224	0
70225	1
70226	1
70227	1
70228	1
70298	0
70300	0
70301	0
70302	0
70303	0
70305	0
70306	1
70307	1
70308	1
70309	1
70378	0
70381	0
70382	0
70383	0
70384	0
70386	0
70387	1
70388	1
70389	1
70390	1
70462	0
70463	0
70464	0
70465	0
70466	0
70467	0
70468	1
70469	1
70470	1
70471	1
70544	0
70545	0
70546	0
70547	0
70549	0
70550	1
70551	1
70552	1
70624	0
70625	0
70626	0
70627	0
70628	0
70629	0
70630	1
70631	1
70632	1
70633	1
70704	0
70706	0
70707	0
70708	0
70709	0
70710	0
70711	0
70712	1
70713	1
70714	1
70787	0
70788	0
70789	0
70790	0
70791	0
70792	0
70793	1
70794	1
70795	1
70864	0
70868	0
70869	0
70870	0
70871	0
70872	0
70873	1
70874	1
70875	1
70876	1
70950	0
70951	0
70952	0
70953	0
70954	1
70955	1
70956	1
70957	1
71027	0
71032	0
71033	0
71034	0
71035	0
71036	1
71037	1
71038	1
71107	0
71108	0
71112	0
71113	0
71114	0
71115	0
71116	1
71117	1
71118	1
71119	1
71189	0
71194	0
71195	0
71196	0
71198	1
71199	1
71200	1
71270	0
71271	0
71275	0
71276	0
71277	0
71278	0
71279	1
71280	1
71281	1
71350	0
71351	0
71352	0
71356	0
71357	0
71358	0
71360	0
71361	1
71362	1
71431	0
71432	0
71433	0
71436	0
71437	0
71438	0
71439	0
71440	0
71441	0
71442	1
71443	1
71512	0
71513	0
71514	0
71515	0
71519	0
71521	0
71522	0
71523	0
71524	1
71593	0
71594	0
71595	0
71599	0
71600	0
71602	0
71603	1
71604	1
71605	1
71674	0
71675	0
71676	0
71677	0
71681	0
71683	0
71684	0
71685	1
71686	1
71756	0
71757	0
71758	0
71759	0
71762	0
71763	0
71765	0
71766	1
71767	1
71836	0
71837	0
71838	0
71839	0
71840	0
71843	0
71845	0
71846	0
71847	1
71848	1
71918	0
71919	0
71920	0
71921	0
71922	0
71925	0
71927	0
71928	1
71929	1
71999	0
72000	0
72001	0
72002	0
72003	0
72005	0
72006	0
72007	0
72010	1
72080	0
72081	0
72082	0
72083	0
72084	0
72087	0
72088	0
72089	0
72090	1
72091	1
72161	0
72162	0
72163	0
72164	0
72165	0
72168	0
72169	0
72170	0
72171	0
72172	1
72242	0
72243	0
72244	0
72245	0
72246	0
72247	0
72249	0
72250	0
72251	0
72252	0
72253	1
72323	0
72324	0
72325	0
72326	0
72327	0
72328	0
72330	0
72331	0
72332	0
72333	0
72334	1
72404	0
72405	0
72406	0
72407	0
72408	0
72409	0
72411	0
72412	0
72413	0
72414	0
72415	0
72486	0
72487	0
72488	0
72489	0
72490	0
72491	0
72493	0
72494	0
72495	0
72496	0
72566	0
72567	0
72568	0
72569	0
72570	0
72571	0
72572	0
72575	0
72576	0
72577	1
72648	0
72649	0
72650	0
72651	0
72652	0
72653	0
72655	0
72657	0
72658	1
72729	0
72730	0
72731	0
72732	0
72733	0
72734	0
72735	0
72738	0
72739	1
72810	0
72811	0
72812	0
72813	0
72814	0
72815	0
72818	0
72819	0
72820	1
72891	0
72892	0
72893	0
72894	0
72895	0
72896	0
72897	0
72900	0
72901	0
72973	0
72974	0
72975	0
72976	0
72977	0
72978	0
72981	0
72982	0
73054	0
73055	0
73056	0
73057	0
73058	0
73059	0
73062	0
73063	0
73135	0
73136	0
73137	0
73138	0
73139	0
73140	0
73143	0
73144	0
73217	0
73218	0
73219	0
73220	0
73221	0
73222	0
73225	0
73297	0
73298	0
73299	0
73300	0
73301	0
73302	0
73305	0
73306	0
73379	0
73380	0
73381	0
73382	0
73383	0
73384	0
73387	0
73461	0
73462	0
73463	0
73464	0
73465	0
73466	0
73468	0
73541	0
73542	0
73543	0
73544	0
73545	0
73546	0
73549	0
73623	0
73624	0
73625	0
73626	0
73627	0
73628	0
73630	0
73705	0
73706	0
73707	0
73708	0
73709	0
73785	0
73786	0
73787	0
73788	0
73789	0
73790	0
73791	0
73867	0
73868	0
73869	0
73870	0
73871	0
73872	0
73873	0
73949	0
73950	0
73951	0
73952	0
73953	0
73954	0
74030	0
74031	0
74032	0
74033	0
74034	0
74035	0
74111	0
74112	0
74113	0
74114	0
74115	0
74116	0
74193	0
74194	0
74195	0
74196	0
74197	0
74274	0
74275	0
74276	0
74277	0
74278	0
74355	0
74356	0
74357	0
74358	0
74359	0
74437	0
74438	0
74439	0
74440	0
74518	0
74519	0
74520	0
74521	0
74600	0
74601	0
74602	0
74681	0
74682	0
74683	0
74762	0
74763	0
74764	0
74844	0
74845	0
74925	0
74926	0
75006	0
75007	0
75087	0
75088	0
75169	0
75249	0
75250	0
75331	0
75493	0
78748	0
78749	0
78750	0
78751	0
78752	0
78753	0
78755	0
78756	0
78757	0
78758	1
78759	1
78760	1
78761	1
78762	1
78763	1
78764	1
78765	1
78766	0
78767	1
78768	1
78769	1
78770	1
78771	1
78772	1
78773	1
78774	1
78775	1
78776	1
78777	1
78778	1
78779	1
78780	1
78781	1
78782	1
78783	1
78784	1
78785	1
78786	1
78787	1
78788	1
78789	1
78790	1
78791	1
78792	1
78793	1
78794	1
78795	1
78796	1
78797	1
78798	1
78799	1
78800	1
78801	1
78802	1
78810	0
78811	0
78812	1
78813	1
78814	1
78828	0
78829	0
78830	0
78831	0
78832	0
78833	0
78835	0
78836	0
78837	0
78838	1
78839	1
78840	1
78841	1
78842	1
78843	1
78844	1
78845	1
78846	1
78847	0
78848	1
78849	0
78850	1
78851	1
78852	1
78853	1
78854	1
78855	1
78856	1
78857	1
78858	1
78859	1
78860	1
78861	1
78862	1
78863	1
78864	1
78865	1
78866	1
78867	1
78868	1
78869	1
78870	1
78871	1
78872	1
78873	1
78874	1
78875	1
78876	1
78877	1
78878	1
78879	1
78880	1
78881	1
78883	1
78887	1
78891	0
78892	0
78893	0
78895	1
78909	0
78910	0
78911	0
78912	0
78913	0
78914	0
78916	0
78917	0
78918	0
78919	0
78920	1
78921	1
78922	1
78923	1
78924	1
78925	1
78926	1
78927	1
78928	1
78929	0
78930	1
78931	0
78932	1
78933	1
78934	1
78935	1
78936	1
78937	1
78938	1
78939	1
78940	1
78941	1
78942	1
78943	1
78944	1
78945	1
78946	1
78947	1
78948	1
78949	1
78950	1
78951	1
78952	1
78953	1
78954	1
78955	1
78956	1
78957	1
78958	1
78959	1
78960	1
78961	1
78962	1
78964	0
78965	0
78967	1
78968	1
78969	0
78972	0
78973	0
78974	0
78976	0
78990	0
78991	0
78992	0
78993	0
78994	0
78995	0
78996	0
78997	0
78998	0
78999	0
79000	0
79001	1
79002	1
79003	1
79004	1
79005	1
79006	1
79007	1
79008	1
79009	1
79010	0
79011	1
79012	0
79013	1
79014	1
79015	1
79016	1
79017	1
79018	1
79019	1
79020	1
79021	1
79022	1
79023	1
79024	1
79025	1
79026	1
79027	1
79028	1
79029	1
79030	1
79031	1
79032	1
79033	1
79034	1
79035	1
79036	1
79037	1
79038	1
79039	1
79040	1
79041	1
79042	1
79043	1
79046	0
79047	0
79048	0
79049	0
79050	0
79054	0
79055	0
79056	0
79057	0
79071	0
79072	0
79073	0
79074	0
79075	0
79076	0
79077	0
79078	0
79079	0
79080	0
79081	0
79082	1
79083	1
79084	1
79085	1
79086	1
79087	1
79088	1
79089	1
79090	1
79091	1
79092	1
79093	0
79094	1
79095	1
79096	1
79097	1
79098	1
79099	1
79100	1
79101	1
79102	1
79103	1
79104	1
79105	1
79106	1
79107	1
79108	1
79109	1
79110	1
79111	1
79112	1
79113	1
79114	1
79115	1
79116	1
79117	1
79118	1
79119	1
79120	1
79121	1
79122	1
79123	1
79124	1
79127	0
79128	0
79129	0
79130	0
79131	0
79134	0
79135	0
79136	0
79137	0
79138	0
79152	0
79153	0
79154	0
79155	0
79156	0
79157	0
79158	0
79159	0
79160	0
79161	0
79162	0
79163	0
79164	1
79165	1
79166	1
79167	1
79168	1
79169	1
79170	1
79171	1
79172	1
79173	1
79174	1
79175	1
79176	1
79177	1
79178	1
79179	1
79180	1
79181	1
79182	1
79183	1
79184	1
79185	1
79186	1
79187	1
79188	1
79189	1
79190	1
79191	1
79192	1
79193	1
79194	1
79195	1
79196	1
79197	1
79198	1
79199	1
79200	1
79201	1
79202	1
79203	1
79205	1
79206	1
79208	0
79210	0
79211	0
79212	0
79213	0
79216	0
79217	0
79218	0
79219	0
79233	0
79234	0
79235	0
79236	0
79237	0
79238	0
79239	0
79240	0
79241	0
79242	0
79243	0
79244	0
79245	0
79246	1
79247	1
79248	1
79249	1
79250	1
79251	1
79252	1
79253	1
79254	1
79255	1
79256	1
79257	1
79258	1
79259	1
79260	1
79261	1
79262	1
79263	1
79264	1
79265	1
79266	1
79267	1
79268	1
79269	1
79270	1
79271	1
79272	1
79273	1
79274	1
79275	1
79276	1
79277	1
79278	1
79279	1
79280	1
79281	1
79282	1
79283	1
79284	1
79285	1
79287	1
79288	1
79289	0
79290	0
79291	0
79292	0
79293	0
79294	0
79298	0
79299	0
79300	0
79314	0
79315	0
79316	0
79317	0
79318	0
79319	0
79320	0
79321	0
79322	0
79323	0
79324	0
79325	0
79326	0
79327	1
79328	1
79329	1
79330	1
79331	1
79332	1
79333	1
79334	1
79335	1
79336	1
79337	1
79338	1
79339	1
79340	1
79341	1
79342	1
79343	1
79344	1
79345	1
79346	1
79347	1
79348	1
79349	1
79350	1
79351	1
79352	1
79353	1
79354	1
79355	1
79356	1
79357	1
79358	1
79359	1
79360	1
79361	1
79362	1
79363	1
79364	1
79365	1
79366	1
79367	1
79368	1
79369	1
79370	0
79371	0
79372	0
79373	0
79374	0
79378	0
79379	0
79380	0
79381	0
79395	0
79396	0
79397	0
79398	0
79399	0
79400	0
79401	0
79402	0
79403	0
79404	0
79405	0
79406	0
79407	0
79408	1
79409	1
79410	1
79411	1
79412	1
79413	1
79414	1
79415	1
79416	1
79417	1
79418	1
79419	1
79420	1
79421	1
79422	1
79423	1
79424	1
79425	1
79426	1
79427	1
79428	1
79429	1
79430	1
79431	1
79432	1
79433	1
79434	1
79435	1
79436	1
79437	1
79438	1
79439	1
79440	1
79441	1
79442	1
79443	1
79444	1
79445	1
79446	1
79447	1
79449	0
79450	0
79451	0
79452	0
79453	0
79454	0
79455	0
79456	0
79460	0
79461	0
79462	0
79476	0
79477	0
79478	0
79479	0
79480	0
79481	0
79482	0
79483	0
79484	0
79485	0
79486	0
79487	0
79488	0
79489	1
79490	1
79491	1
79492	1
79493	1
79494	1
79495	1
79496	1
79497	1
79498	1
79499	1
79500	1
79501	1
79502	1
79503	1
79504	1
79505	1
79506	1
79507	1
79508	1
79509	1
79510	1
79511	1
79512	1
79513	1
79514	1
79515	1
79516	1
79517	1
79518	1
79519	1
79520	1
79521	1
79522	1
79523	1
79524	1
79525	1
79526	1
79527	1
79528	1
79529	1
79530	1
79531	0
79532	0
79533	0
79534	0
79535	0
79536	0
79537	0
79541	0
79542	0
79543	0
79556	0
79557	0
79558	0
79559	0
79560	0
79563	0
79564	0
79565	0
79566	0
79567	0
79568	0
79569	0
79570	1
79571	1
79572	1
79573	1
79574	1
79575	1
79576	1
79577	1
79578	1
79579	1
79580	1
79581	1
79582	1
79583	1
79584	1
79585	1
79586	1
79587	1
79588	1
79589	1
79590	1
79591	1
79592	1
79593	1
79594	1
79595	1
79596	1
79597	1
79598	1
79599	1
79600	1
79601	1
79602	1
79603	1
79604	1
79605	1
79606	1
79607	1
79608	1
79609	1
79610	1
79611	0
79612	0
79613	0
79614	0
79615	0
79616	0
79617	0
79618	0
79621	0
79622	0
79623	0
79624	0
79637	0
79638	0
79639	0
79640	0
79641	0
79642	0
79643	0
79644	0
79645	0
79646	0
79647	0
79648	0
79649	0
79650	0
79654	1
79655	1
79656	1
79657	1
79658	1
79659	1
79660	1
79661	1
79662	1
79663	1
79664	1
79665	1
79666	1
79667	1
79668	1
79669	1
79670	1
79671	1
79672	1
79673	1
79674	1
79675	1
79676	1
79677	1
79678	1
79679	1
79680	1
79681	1
79682	1
79683	1
79684	1
79685	1
79686	1
79687	1
79688	1
79689	1
79690	1
79691	1
79692	1
79693	0
79694	0
79695	0
79696	0
79697	0
79698	0
79699	0
79703	0
79704	0
79705	0
79717	0
79718	0
79719	0
79720	0
79721	0
79722	0
79723	0
79724	0
79725	0
79726	0
79727	0
79728	0
79729	0
79736	1
79737	1
79738	1
79739	1
79740	1
79741	1
79742	1
79743	1
79744	1
79745	1
79746	1
79747	1
79748	1
79749	1
79750	1
79751	1
79752	1
79753	1
79754	1
79755	1
79756	1
79757	1
79758	1
79759	1
79760	1
79761	1
79762	1
79763	1
79764	1
79765	1
79766	1
79767	1
79768	1
79769	1
79770	1
79771	1
79772	1
79773	1
79774	0
79775	0
79776	0
79777	0
79778	0
79779	0
79780	0
79781	0
79784	0
79785	0
79786	0
79797	0
79798	0
79799	0
79800	0
79801	0
79802	0
79803	0
79804	0
79805	0
79806	0
79807	0
79808	0
79809	0
79816	1
79817	1
79818	1
79819	1
79820	1
79821	1
79822	1
79823	1
79824	1
79826	1
79827	1
79828	1
79829	1
79830	1
79831	1
79832	1
79833	1
79834	1
79835	1
79836	1
79837	1
79838	1
79839	1
79840	1
79841	1
79842	1
79843	1
79844	1
79845	1
79846	1
79847	1
79848	1
79849	1
79850	1
79851	1
79852	1
79853	1
79854	1
79855	0
79856	0
79857	0
79858	0
79859	0
79860	0
79861	0
79864	0
79865	0
79866	0
79867	0
79878	0
79879	0
79880	0
79881	0
79882	0
79883	0
79884	0
79885	0
79886	0
79887	0
79888	0
79889	0
79890	0
79898	1
79899	1
79900	1
79901	1
79902	1
79903	1
79904	1
79905	1
79906	1
79907	1
79908	1
79909	1
79910	1
79911	1
79912	1
79913	1
79914	1
79915	1
79916	1
79917	1
79918	1
79919	1
79920	1
79921	1
79922	1
79923	1
79924	1
79925	1
79926	1
79927	1
79928	1
79929	1
79930	1
79931	1
79932	1
79933	1
79934	1
79935	0
79936	0
79937	0
79938	0
79939	0
79940	0
79941	0
79942	0
79945	0
79946	0
79947	0
79948	0
79959	0
79960	0
79961	0
79962	0
79963	0
79964	0
79965	0
79966	0
79967	0
79968	0
79969	0
79970	0
79979	1
79980	1
79981	1
79982	1
79983	1
79984	1
79985	1
79986	1
79987	1
79988	1
79989	1
79990	1
79991	1
79992	1
79993	1
79994	1
79995	1
79996	1
79997	1
79998	1
79999	1
80000	1
80001	1
80002	1
80003	1
80004	1
80005	1
80006	1
80007	1
80008	1
80009	1
80010	1
80011	1
80012	1
80013	1
80014	1
80015	1
80016	1
80017	0
80018	0
80019	0
80020	0
80021	0
80022	0
80023	0
80026	0
80027	0
80028	0
80029	0
80036	0
80040	0
80041	0
80042	0
80043	0
80044	0
80045	0
80046	0
80047	0
80048	0
80049	0
80050	0
80054	0
80059	1
80060	1
80061	1
80062	1
80063	1
80064	1
80065	1
80066	1
80067	1
80068	1
80069	1
80070	1
80071	1
80072	1
80073	1
80074	1
80075	1
80076	1
80077	1
80078	1
80079	1
80080	1
80081	1
80082	1
80083	1
80084	1
80085	1
80086	1
80087	1
80088	1
80089	1
80090	1
80091	1
80092	1
80093	1
80094	1
80095	1
80097	0
80098	0
80099	0
80100	0
80101	0
80102	0
80103	0
80106	0
80107	0
80108	0
80109	0
80110	0
80118	0
80120	0
80121	0
80122	0
80123	0
80124	0
80125	0
80126	0
80127	0
80128	0
80129	0
80130	0
80131	0
80133	0
80134	0
80135	0
80136	0
80138	1
80141	1
80142	1
80143	1
80144	1
80145	1
80146	1
80147	1
80148	1
80149	1
80150	1
80151	1
80152	1
80153	1
80154	1
80155	1
80156	1
80157	1
80158	1
80159	1
80160	1
80161	1
80162	1
80163	1
80164	1
80165	1
80166	1
80167	1
80168	1
80169	1
80170	1
80171	1
80172	1
80173	1
80174	1
80175	1
80176	1
80177	1
80179	0
80180	0
80181	0
80182	0
80183	0
80184	0
80187	0
80188	0
80189	0
80190	0
80191	0
80199	0
80201	0
80202	0
80203	0
80204	0
80205	0
80206	0
80207	0
80208	0
80209	0
80210	0
80211	0
80212	0
80214	0
80215	0
80216	0
80217	0
80218	0
80219	1
80220	1
80222	1
80223	1
80224	1
80225	1
80226	1
80227	1
80228	1
80229	1
80230	1
80231	1
80232	1
80233	1
80234	1
80235	1
80236	1
80237	1
80238	1
80239	1
80240	1
80241	1
80242	1
80243	1
80244	1
80245	1
80246	1
80247	1
80248	1
80249	1
80250	1
80251	1
80252	1
80253	1
80254	1
80255	1
80256	1
80257	1
80258	1
80259	1
80261	0
80262	0
80263	0
80264	0
80265	0
80266	0
80268	0
80269	0
80270	0
80271	0
80272	0
80278	0
80279	0
80280	0
80282	0
80283	0
80284	0
80285	0
80286	0
80287	0
80288	0
80289	0
80290	0
80291	0
80292	0
80294	1
80295	0
80296	0
80297	0
80298	0
80299	1
80300	1
80303	1
80304	1
80305	1
80306	1
80307	1
80308	1
80309	1
80310	1
80311	1
80312	1
80313	1
80314	1
80315	1
80316	1
80317	1
80318	1
80319	1
80320	1
80321	1
80322	1
80323	1
80324	1
80325	1
80326	1
80327	1
80328	1
80329	1
80330	1
80331	1
80332	1
80333	1
80334	1
80335	1
80336	1
80337	1
80341	0
80342	0
80343	0
80344	0
80345	0
80346	0
80349	0
80350	0
80351	0
80352	0
80353	0
80360	0
80361	0
80362	0
80363	0
80364	0
80365	0
80366	0
80367	0
80368	0
80369	0
80370	0
80371	0
80372	0
80373	0
80375	1
80376	1
80377	0
80378	0
80379	0
80380	0
80382	1
80385	1
80386	1
80387	1
80388	1
80389	1
80390	1
80391	1
80392	1
80393	1
80394	1
80395	1
80396	1
80397	1
80398	1
80399	1
80400	1
80401	1
80402	1
80403	1
80404	1
80405	1
80406	1
80407	1
80408	1
80409	1
80410	1
80411	1
80412	1
80413	1
80414	1
80415	1
80416	1
80417	1
80418	1
80419	1
80423	0
80424	0
80425	0
80426	0
80427	0
80430	0
80431	0
80432	0
80433	0
80434	0
80441	0
80442	0
80443	0
80444	0
80445	0
80446	0
80447	0
80448	0
80449	0
80450	0
80451	0
80452	0
80453	0
80454	0
80457	1
80458	1
80459	0
80460	0
80461	0
80462	0
80466	1
80467	1
80468	1
80469	1
80470	1
80471	1
80472	1
80473	1
80474	1
80475	1
80476	1
80477	1
80478	1
80479	1
80480	1
80481	1
80482	1
80483	1
80484	1
80485	1
80486	1
80487	1
80488	1
80489	1
80490	1
80491	1
80492	1
80493	1
80494	1
80495	1
80496	1
80497	1
80498	1
80499	1
80500	1
80501	1
80504	0
80505	0
80506	0
80507	0
80508	0
80509	0
80511	0
80512	0
80513	0
80514	0
80515	0
80522	0
80523	0
80524	0
80525	0
80526	0
80527	0
80528	0
80529	0
80530	0
80531	0
80532	0
80533	0
80534	0
80536	0
80539	1
80540	0
80541	0
80542	0
80543	0
80544	1
80545	1
80546	1
80547	1
80548	1
80549	1
80550	1
80551	1
80552	1
80553	1
80554	1
80555	1
80556	1
80557	1
80558	1
80559	1
80560	1
80561	1
80562	1
80563	1
80564	1
80565	1
80566	1
80567	1
80568	1
80569	1
80570	1
80571	1
80572	1
80573	1
80574	1
80575	1
80576	1
80577	1
80578	1
80579	1
80580	1
80581	1
80585	0
80586	0
80587	0
80588	0
80589	0
80590	0
80591	0
80592	0
80593	0
80594	0
80595	0
80596	0
80603	0
80604	0
80605	0
80606	0
80607	0
80608	0
80609	0
80610	0
80611	0
80612	0
80613	0
80614	0
80615	0
80617	1
80619	1
80620	1
80621	1
80622	0
80623	0
80624	0
80625	0
80626	1
80627	1
80628	1
80629	1
80630	1
80631	1
80632	1
80633	1
80634	1
80635	1
80636	1
80637	1
80638	1
80639	1
80640	1
80641	1
80642	1
80643	1
80644	1
80645	1
80646	1
80647	1
80648	1
80649	1
80650	1
80651	1
80652	1
80653	1
80654	1
80655	1
80656	1
80657	1
80658	1
80659	1
80660	1
80661	1
80662	1
80664	0
80667	0
80668	0
80669	0
80670	0
80671	0
80672	0
80673	0
80674	0
80675	0
80676	0
80677	0
80685	0
80686	0
80687	0
80688	0
80689	0
80690	0
80691	0
80692	0
80693	0
80694	0
80695	0
80696	0
80697	1
80698	0
80699	0
80700	0
80701	1
80702	1
80703	1
80704	0
80705	0
80707	1
80708	1
80709	1
80710	1
80711	1
80712	1
80713	1
80714	1
80715	1
80716	1
80717	1
80718	1
80719	1
80720	1
80721	1
80722	1
80723	1
80724	1
80725	1
80726	1
80727	1
80728	1
80729	1
80730	1
80731	1
80732	1
80733	1
80734	1
80735	1
80736	1
80737	1
80738	1
80739	1
80740	1
80741	1
80742	1
80743	1
80745	1
80746	0
80747	0
80749	0
80750	0
80751	0
80752	0
80753	0
80754	0
80755	0
80756	0
80757	0
80758	0
80765	0
80766	0
80767	0
80768	0
80769	0
80770	0
80771	0
80772	0
80773	0
80774	0
80775	1
80776	0
80777	1
80778	1
80779	1
80780	0
80782	1
80783	1
80784	1
80785	0
80786	0
80787	0
80788	1
80789	1
80790	1
80791	1
80792	1
80793	1
80794	1
80795	1
80796	1
80797	1
80798	1
80799	1
80800	1
80801	1
80802	1
80803	1
80804	1
80805	1
80806	1
80807	1
80808	1
80809	1
80810	1
80811	1
80812	1
80813	1
80814	1
80815	1
80816	1
80817	1
80818	1
80819	1
80820	1
80821	1
80822	1
80823	1
80824	1
80825	1
80826	0
80827	0
80828	0
80829	0
80830	0
80831	0
80832	0
80833	0
80834	0
80835	0
80836	0
80837	0
80838	0
80839	0
80847	0
80848	0
80849	0
80850	0
80851	0
80852	0
80853	0
80854	0
80855	0
80856	0
80857	1
80858	1
80859	1
80860	1
80865	1
80866	0
80867	0
80868	0
80869	0
80870	1
80871	1
80872	1
80873	1
80874	1
80875	1
80876	1
80877	1
80878	1
80879	1
80880	1
80881	1
80882	1
80883	1
80884	1
80885	1
80886	1
80887	1
80888	1
80889	1
80890	1
80891	1
80892	1
80893	1
80894	1
80895	1
80896	1
80897	1
80898	1
80899	1
80900	1
80901	1
80902	1
80903	1
80904	1
80907	1
80908	0
80909	0
80910	0
80911	0
80912	0
80913	0
80914	0
80915	0
80916	0
80917	0
80918	0
80919	0
80920	0
80928	0
80929	0
80930	0
80931	0
80932	0
80933	0
80934	0
80935	0
80936	0
80937	0
80938	1
80939	1
80940	1
80941	1
80942	1
80947	1
80948	0
80949	0
80950	0
80951	0
80952	1
80953	1
80954	1
80955	1
80956	1
80957	1
80958	1
80959	1
80960	1
80961	1
80962	1
80963	1
80964	1
80965	1
80966	1
80967	1
80968	1
80969	1
80970	1
80971	1
80972	1
80973	1
80974	1
80975	1
80976	1
80977	1
80978	1
80979	1
80980	1
80981	1
80982	1
80983	1
80984	1
80985	1
80986	1
80988	1
80989	0
80990	0
80991	0
80992	0
80993	0
80994	0
80995	0
80996	0
80997	0
80998	0
80999	0
81000	0
81001	0
81009	0
81010	0
81011	0
81012	0
81013	0
81014	0
81015	0
81016	0
81017	0
81018	0
81019	1
81020	1
81021	1
81022	1
81027	1
81028	1
81029	0
81030	0
81031	0
81032	0
81033	1
81034	1
81035	1
81036	1
81037	1
81038	1
81039	1
81040	1
81041	1
81042	1
81043	1
81044	1
81045	1
81046	1
81047	1
81048	1
81049	1
81050	1
81051	1
81052	1
81053	1
81054	1
81055	1
81056	1
81057	1
81058	1
81059	1
81060	1
81061	1
81062	1
81063	1
81064	1
81065	1
81066	1
81069	0
81070	0
81071	0
81072	0
81073	0
81074	0
81075	0
81076	0
81077	0
81078	0
81079	0
81080	0
81081	0
81090	0
81091	0
81092	0
81093	0
81094	0
81095	0
81096	0
81097	0
81098	0
81099	0
81100	1
81101	1
81102	1
81103	1
81108	0
81109	1
81110	0
81111	0
81112	0
81113	0
81114	1
81115	1
81116	1
81117	1
81118	1
81119	1
81120	1
81121	1
81122	1
81123	1
81124	1
81125	1
81126	1
81127	1
81128	1
81129	1
81130	1
81131	1
81132	1
81133	1
81134	1
81135	1
81136	1
81137	1
81138	1
81139	1
81140	1
81141	1
81142	1
81143	1
81144	1
81145	1
81146	1
81148	1
81150	0
81151	0
81152	0
81153	0
81154	0
81155	0
81156	0
81157	0
81158	0
81159	0
81160	0
81161	0
81162	0
81172	0
81173	0
81174	0
81175	0
81176	0
81177	0
81178	0
81179	0
81180	0
81181	0
81182	1
81183	1
81184	1
81189	1
81190	0
81191	1
81192	0
81193	0
81194	0
81195	0
81196	1
81197	1
81198	1
81199	1
81200	1
81201	1
81202	1
81203	1
81204	1
81205	1
81206	1
81207	1
81208	1
81209	1
81210	1
81211	1
81212	1
81213	1
81214	1
81215	1
81216	1
81217	1
81218	1
81219	1
81220	1
81221	1
81222	1
81223	1
81224	1
81225	1
81226	1
81227	1
81232	0
81233	0
81234	0
81235	0
81236	0
81237	0
81238	0
81239	0
81240	0
81241	0
81242	0
81243	0
81244	0
81252	0
81253	0
81254	0
81255	0
81256	0
81257	0
81258	0
81259	0
81260	0
81261	0
81262	0
81263	1
81264	1
81269	1
81270	0
81271	0
81273	0
81274	0
81275	0
81276	1
81277	1
81278	1
81279	1
81280	1
81281	1
81282	1
81283	1
81284	1
81285	1
81286	1
81287	1
81288	1
81289	1
81290	1
81291	1
81292	1
81293	1
81294	1
81295	1
81296	1
81297	1
81298	1
81299	1
81300	1
81301	1
81302	1
81303	1
81304	1
81305	1
81306	1
81307	1
81308	1
81310	1
81314	0
81315	0
81316	0
81317	0
81318	0
81319	0
81320	0
81321	0
81322	0
81323	0
81324	0
81334	0
81335	0
81336	0
81337	0
81338	0
81339	0
81340	0
81341	0
81342	0
81343	0
81344	0
81345	1
81346	1
81350	1
81354	0
81355	0
81356	0
81357	0
81358	1
81359	1
81360	1
81361	1
81362	1
81363	1
81364	1
81365	1
81366	1
81367	1
81368	1
81369	1
81370	1
81371	1
81372	1
81373	1
81374	1
81375	1
81376	1
81377	1
81378	1
81379	1
81380	1
81381	1
81382	1
81383	1
81384	1
81385	1
81386	1
81387	1
81388	1
81389	1
81391	1
81392	1
81396	0
81397	0
81398	0
81399	0
81400	0
81401	0
81402	0
81403	0
81404	0
81405	0
81415	0
81416	0
81417	0
81418	0
81419	0
81420	0
81421	0
81422	0
81423	0
81424	0
81425	0
81426	1
81427	1
81430	1
81433	1
81435	0
81436	0
81437	0
81438	0
81439	0
81440	1
81441	1
81442	1
81443	1
81444	1
81445	1
81446	1
81447	1
81448	1
81449	1
81450	1
81451	1
81452	1
81453	1
81454	1
81455	1
81456	1
81457	1
81458	1
81459	1
81460	1
81461	1
81462	1
81463	1
81464	1
81465	1
81466	1
81467	1
81468	1
81469	1
81470	1
81473	1
81478	0
81479	0
81480	0
81481	0
81482	0
81483	0
81484	0
81485	0
81486	0
81496	0
81497	0
81498	0
81499	0
81500	0
81501	0
81502	0
81503	0
81504	0
81505	0
81506	1
81507	1
81508	1
81509	1
81510	1
81511	1
81512	1
81513	1
81514	1
81515	0
81516	0
81517	0
81518	0
81519	0
81520	0
81521	1
81522	1
81523	1
81524	1
81525	1
81526	1
81527	1
81528	1
81529	1
81530	1
81531	1
81532	1
81533	1
81534	1
81535	1
81536	1
81537	1
81538	1
81539	1
81540	1
81541	1
81542	1
81543	1
81544	1
81545	1
81546	1
81547	1
81548	1
81549	1
81550	1
81551	1
81558	0
81559	0
81560	0
81561	0
81562	0
81563	0
81564	0
81565	0
81566	0
81577	0
81578	0
81579	0
81580	0
81581	0
81582	0
81583	0
81584	0
81585	0
81586	0
81587	0
81588	1
81589	1
81590	1
81591	1
81592	1
81593	1
81594	1
81595	1
81597	0
81598	0
81599	0
81600	0
81601	0
81602	1
81603	1
81604	1
81605	1
81606	1
81607	1
81608	1
81609	1
81610	1
81611	1
81612	1
81613	1
81614	1
81615	1
81616	1
81617	1
81618	1
81619	1
81620	1
81621	1
81622	1
81623	1
81624	1
81625	1
81626	1
81627	1
81628	1
81629	1
81630	1
81631	1
81632	1
81641	0
81642	0
81643	0
81644	0
81645	0
81646	0
81647	0
81659	0
81660	0
81661	0
81662	0
81663	0
81664	0
81665	0
81666	0
81667	0
81668	0
81669	0
81670	1
81671	1
81672	1
81673	1
81674	1
81675	1
81676	1
81677	1
81679	0
81680	0
81681	0
81682	0
81683	1
81684	1
81685	1
81686	1
81687	1
81688	1
81689	1
81690	1
81691	1
81692	1
81693	1
81694	1
81695	1
81696	1
81697	1
81698	1
81699	1
81700	1
81701	1
81702	1
81703	1
81704	1
81705	1
81706	1
81707	1
81708	1
81709	1
81710	1
81711	1
81712	1
81713	1
81715	1
81722	0
81723	0
81724	0
81725	0
81726	0
81727	0
81728	0
81739	0
81740	0
81741	0
81742	0
81743	0
81744	0
81745	0
81746	0
81747	0
81748	0
81749	0
81750	0
81751	1
81752	1
81753	1
81754	1
81755	1
81756	1
81757	1
81758	1
81759	0
81760	0
81761	0
81762	0
81763	1
81764	1
81765	1
81766	1
81767	1
81768	1
81769	1
81770	1
81771	1
81772	1
81773	1
81774	1
81775	1
81776	1
81777	1
81778	1
81779	1
81780	1
81781	1
81782	1
81783	1
81784	1
81785	1
81786	1
81787	1
81788	1
81789	1
81790	1
81791	1
81792	1
81803	0
81804	0
81805	0
81806	0
81807	0
81808	0
81809	0
81821	0
81822	0
81823	0
81824	0
81825	0
81826	0
81827	0
81828	0
81829	0
81830	0
81831	1
81832	1
81833	1
81834	1
81835	1
81836	1
81837	1
81838	1
81840	1
81841	0
81842	0
81843	0
81844	1
81845	1
81846	1
81847	1
81848	1
81849	1
81850	1
81851	1
81852	1
81853	1
81854	1
81855	1
81856	1
81857	1
81858	1
81859	1
81860	1
81861	1
81862	1
81863	1
81864	1
81865	1
81866	1
81867	1
81868	1
81869	1
81870	1
81871	1
81872	1
81873	1
81877	0
81885	0
81886	0
81887	0
81888	0
81889	0
81890	0
81891	0
81902	0
81903	0
81904	0
81905	0
81906	0
81907	0
81908	0
81909	0
81910	0
81911	0
81912	0
81913	1
81914	1
81915	1
81916	1
81917	1
81918	1
81919	1
81920	1
81921	1
81923	0
81924	0
81925	0
81926	1
81927	1
81928	1
81929	1
81930	1
81931	1
81932	1
81933	1
81934	1
81935	1
81936	1
81937	1
81938	1
81939	1
81940	1
81941	1
81942	1
81943	1
81944	1
81945	1
81946	1
81947	1
81948	1
81949	1
81950	1
81951	1
81952	1
81953	1
81954	1
81967	0
81968	0
81969	0
81970	0
81971	0
81972	0
81983	0
81984	0
81985	0
81986	0
81987	0
81988	0
81989	0
81990	0
81991	0
81992	0
81993	1
81994	1
81995	1
81996	1
81997	1
81998	1
81999	1
82000	1
82004	0
82005	0
82006	1
82007	1
82008	1
82009	1
82010	1
82011	1
82012	1
82013	1
82014	1
82015	1
82016	1
82017	1
82018	1
82019	1
82020	1
82021	1
82022	1
82023	1
82024	1
82025	1
82026	1
82027	1
82028	1
82029	1
82030	1
82031	1
82032	1
82033	1
82047	0
82048	0
82049	0
82050	0
82051	0
82064	0
82065	0
82066	0
82067	0
82068	0
82069	0
82070	0
82071	0
82072	0
82073	0
82074	1
82075	1
82076	1
82077	1
82078	1
82079	1
82080	1
82081	1
82082	1
82083	1
82086	0
82087	1
82088	1
82089	1
82090	1
82091	1
82092	1
82093	1
82094	1
82095	1
82096	1
82097	1
82098	1
82099	1
82100	1
82101	1
82102	1
82103	1
82104	1
82105	1
82106	1
82107	1
82108	1
82109	1
82110	1
82111	1
82112	1
82113	1
82114	1
82115	1
82129	0
82130	0
82131	0
82132	0
82146	0
82147	0
82148	0
82149	0
82150	0
82151	0
82152	0
82153	0
82154	0
82155	0
82156	1
82157	1
82158	1
82159	1
82160	1
82161	1
82162	1
82163	1
82164	1
82166	1
82167	0
82168	1
82169	1
82170	1
82171	1
82172	1
82173	1
82174	1
82175	1
82176	1
82177	1
82178	1
82179	1
82180	1
82181	1
82182	1
82183	1
82184	1
82185	1
82186	1
82187	1
82188	1
82189	1
82190	1
82192	1
82193	1
82194	1
82195	1
82196	1
82210	0
82211	0
82212	0
82226	0
82227	0
82228	0
82229	0
82230	0
82231	0
82232	0
82233	0
82234	0
82235	0
82236	1
82237	1
82238	1
82239	1
82240	1
82241	1
82242	1
82243	1
82244	1
82245	1
82246	1
82247	1
82248	0
82249	1
82250	1
82251	1
82252	1
82253	1
82254	1
82255	1
82256	1
82257	1
82258	1
82259	1
82260	1
82261	1
82262	1
82263	1
82264	1
82265	1
82266	1
82267	1
82268	1
82269	1
82270	1
82272	1
82273	1
82274	1
82275	1
82276	1
82277	1
82292	0
82308	0
82309	0
82310	0
82311	0
82312	0
82313	0
82314	0
82315	0
82316	0
82317	0
82318	0
82319	1
82320	1
82321	1
82322	1
82323	1
82324	1
82325	1
82326	1
82327	1
82328	1
82329	1
82330	1
82331	1
82332	1
82333	1
82334	1
82335	1
82336	1
82337	1
82338	1
82339	1
82340	1
82341	1
82342	1
82343	1
82344	1
82345	1
82346	1
82347	1
82348	1
82349	1
82350	1
82351	1
82352	1
82353	1
82354	1
82355	1
82356	1
82357	1
82358	1
82359	1
82389	0
82390	0
82391	0
82392	0
82393	0
82394	0
82395	0
82396	0
82397	0
82398	0
82399	0
82400	1
82401	1
82402	1
82403	1
82404	1
82405	1
82406	1
82407	1
82408	1
82409	1
82410	1
82411	1
82412	1
82413	1
82414	1
82415	1
82416	1
82417	1
82418	1
82419	1
82420	1
82421	1
82422	1
82423	1
82424	1
82425	1
82426	1
82427	1
82428	1
82429	1
82430	1
82431	1
82432	1
82433	1
82435	1
82436	1
82437	1
82438	1
82439	1
82440	1
82441	1
82470	0
82471	0
82472	0
82473	0
82474	0
82475	0
82476	0
82477	0
82478	0
82479	0
82480	0
82481	1
82482	1
82483	1
82484	1
82485	1
82486	1
82487	1
82488	1
82489	1
82490	1
82491	1
82492	1
82493	1
82494	1
82495	1
82496	1
82497	1
82498	1
82499	1
82500	1
82501	1
82502	1
82503	1
82504	1
82505	1
82506	1
82507	1
82508	1
82509	1
82510	1
82511	1
82512	1
82513	1
82514	1
82516	1
82517	1
82520	1
82551	0
82552	0
82553	0
82554	0
82555	0
82556	0
82557	0
82558	0
82559	0
82560	0
82561	0
82562	1
82563	1
82564	1
82565	1
82566	1
82567	1
82568	1
82569	1
82570	1
82571	1
82572	1
82573	1
82574	1
82575	1
82576	1
82577	1
82578	1
82579	1
82580	1
82581	1
82582	1
82583	1
82584	1
82585	1
82586	1
82587	1
82588	1
82589	1
82590	1
82591	1
82592	1
82593	1
82594	1
82595	1
82597	1
82598	1
82633	0
82634	0
82635	0
82636	0
82637	0
82638	0
82639	0
82640	0
82641	0
82642	0
82643	0
82644	1
82645	1
82646	1
82647	1
82648	1
82649	1
82650	1
82651	1
82652	1
82653	1
82654	1
82655	1
82656	1
82657	1
82658	1
82659	1
82660	1
82661	1
82662	1
82663	1
82664	1
82665	0
82666	1
82667	1
82668	1
82669	1
82670	1
82671	1
82672	1
82673	1
82674	1
82675	1
82676	1
82677	1
82679	1
82680	1
82713	0
82714	0
82715	0
82716	0
82717	0
82718	0
82719	0
82720	0
82721	0
82722	0
82723	0
82724	1
82725	1
82726	1
82727	1
82728	0
82729	1
82730	1
82731	1
82732	1
82733	1
82734	1
82735	1
82736	1
82737	1
82738	1
82739	1
82740	1
82741	1
82742	1
82743	1
82744	1
82745	1
82746	1
82747	1
82748	1
82749	1
82750	1
82751	1
82752	1
82753	1
82754	1
82755	1
82756	1
82757	1
82759	1
82760	1
82761	1
82762	1
82795	0
82796	0
82797	0
82798	0
82799	0
82800	0
82801	0
82802	0
82803	0
82804	0
82805	0
82806	1
82807	1
82808	1
82809	1
82810	0
82811	1
82812	1
82813	1
82814	1
82815	1
82816	1
82817	1
82818	1
82819	1
82820	1
82821	1
82822	1
82823	1
82824	1
82825	1
82826	1
82827	0
82828	1
82829	0
82830	1
82831	1
82832	1
82833	1
82834	1
82835	1
82836	1
82837	1
82838	1
82839	1
82841	1
82842	1
82843	1
82876	0
82877	0
82878	0
82879	0
82880	0
82881	0
82882	0
82883	0
82884	0
82885	0
82886	0
82887	0
82888	1
82889	1
82890	1
82891	0
82892	0
82893	1
82894	1
82895	1
82896	1
82897	1
82898	1
82899	1
82900	1
82901	1
82902	1
82903	1
82904	1
82905	1
82906	1
82907	1
82908	0
82909	0
82910	1
82911	0
82912	1
82913	1
82914	1
82915	1
82916	1
82917	1
82918	1
82919	1
82920	1
82921	1
82923	1
82924	1
82925	1
82957	0
82958	0
82959	0
82960	0
82961	0
82962	0
82963	0
82964	0
82965	0
82966	0
82967	0
82968	0
82969	1
82970	1
82971	1
82972	0
82973	1
82974	1
82975	1
82976	1
82977	1
82978	1
82979	1
82980	1
82981	1
82982	1
82983	1
82984	1
82985	1
82986	1
82987	1
82988	0
82989	0
82990	0
82991	0
82992	0
82993	1
82994	1
82995	1
82996	1
82997	1
82998	1
82999	1
83000	1
83001	1
83002	1
83004	1
83005	1
83006	1
83038	0
83039	0
83040	0
83041	0
83042	0
83043	0
83044	0
83045	0
83046	0
83047	0
83048	0
83049	0
83050	1
83051	1
83052	1
83053	0
83054	1
83055	1
83056	1
83057	1
83058	1
83059	1
83060	1
83061	1
83062	1
83063	1
83064	1
83065	1
83066	1
83067	1
83068	1
83069	0
83070	0
83071	0
83072	0
83073	0
83074	0
83075	1
83076	1
83077	1
83078	1
83079	1
83080	1
83081	1
83082	1
83083	1
83084	1
83086	1
83087	1
83088	1
83120	0
83121	0
83122	0
83123	0
83124	0
83125	0
83126	0
83127	0
83128	0
83129	0
83130	0
83131	0
83132	1
83133	1
83134	1
83135	0
83136	1
83137	1
83139	1
83140	1
83141	1
83142	1
83143	1
83144	1
83145	1
83146	1
83147	1
83148	1
83149	1
83150	1
83151	0
83152	0
83153	0
83154	0
83155	0
83156	1
83157	1
83158	1
83159	1
83160	1
83161	1
83162	1
83163	1
83166	1
83167	1
83168	1
83169	1
83200	0
83201	0
83202	0
83203	0
83204	0
83205	0
83206	0
83207	0
83208	0
83209	0
83210	0
83211	0
83212	1
83213	1
83214	1
83215	1
83216	1
83217	1
83218	1
83219	1
83220	1
83221	1
83222	1
83223	1
83224	1
83225	1
83226	1
83227	1
83228	1
83229	1
83230	1
83231	0
83232	0
83233	0
83234	0
83235	0
83236	0
83237	1
83238	1
83239	1
83240	1
83241	1
83242	1
83243	1
83244	1
83245	1
83246	1
83248	1
83249	1
83250	1
83282	0
83283	0
83284	0
83285	0
83286	0
83287	0
83288	0
83289	0
83290	0
83291	0
83292	0
83293	1
83294	1
83295	1
83296	1
83297	1
83298	1
83299	1
83300	1
83301	1
83302	1
83303	1
83304	1
83305	1
83306	1
83307	1
83308	1
83309	1
83310	1
83311	1
83312	0
83313	0
83314	0
83315	0
83316	0
83317	0
83318	0
83319	1
83320	1
83321	1
83322	1
83323	1
83324	1
83325	1
83326	1
83327	1
83328	1
83330	1
83331	1
83363	0
83364	0
83365	0
83366	0
83367	0
83368	0
83369	0
83370	0
83371	0
83372	0
83373	0
83374	0
83375	1
83376	1
83377	1
83378	1
83379	1
83380	1
83381	1
83383	1
83384	1
83385	1
83386	1
83387	1
83388	1
83389	1
83390	1
83391	1
83392	1
83393	0
83394	0
83395	0
83396	0
83397	0
83398	0
83399	0
83400	0
83401	1
83402	1
83403	1
83404	1
83405	1
83406	1
83407	1
83408	1
83409	1
83410	1
83412	1
83413	1
83444	0
83445	0
83446	0
83447	0
83448	0
83449	0
83450	0
83451	0
83452	0
83453	0
83454	0
83455	1
83456	1
83457	1
83458	1
83459	1
83460	1
83461	1
83462	1
83463	1
83464	1
83465	1
83466	1
83467	1
83468	1
83469	1
83470	1
83471	1
83472	1
83473	1
83474	0
83475	0
83476	0
83477	0
83478	0
83479	0
83480	0
83481	0
83482	1
83483	1
83484	1
83485	1
83486	1
83487	1
83488	1
83489	1
83490	1
83491	1
83493	1
83525	0
83526	0
83527	0
83528	0
83529	0
83530	0
83531	0
83532	0
83533	0
83534	0
83535	0
83536	0
83537	1
83538	1
83539	1
83540	1
83541	1
83542	1
83543	1
83545	1
83546	1
83547	0
83548	1
83549	1
83550	1
83551	1
83552	1
83553	1
83554	1
83555	0
83556	0
83557	0
83558	0
83559	0
83560	0
83561	0
83562	0
83563	0
83564	1
83565	1
83566	1
83567	1
83568	1
83569	1
83570	1
83571	1
83572	1
83573	1
83574	1
83575	1
83607	0
83608	0
83609	0
83610	0
83611	0
83612	0
83613	0
83614	0
83615	0
83616	0
83617	0
83618	1
83619	1
83620	1
83621	1
83622	1
83623	1
83624	1
83625	1
83626	1
83627	1
83628	1
83629	0
83630	1
83631	1
83632	1
83633	1
83634	1
83635	1
83636	0
83637	0
83638	0
83639	0
83640	0
83641	0
83642	0
83643	0
83644	0
83645	0
83646	1
83647	1
83648	1
83649	1
83650	1
83651	1
83652	1
83653	1
83654	1
83656	1
83687	0
83688	0
83689	0
83690	0
83691	0
83692	0
83693	0
83694	0
83695	0
83696	0
83697	0
83698	0
83699	1
83700	1
83701	1
83702	1
83703	1
83704	1
83705	1
83707	1
83708	1
83709	1
83710	0
83711	1
83712	1
83713	1
83714	1
83715	1
83716	0
83717	0
83718	0
83719	0
83720	0
83721	0
83722	0
83723	0
83724	0
83725	0
83726	1
83727	1
83728	1
83729	1
83730	1
83731	1
83732	1
83733	1
83735	1
83736	1
83737	1
83769	0
83770	0
83771	0
83772	0
83773	0
83774	0
83775	0
83776	0
83777	0
83778	0
83779	0
83780	0
83781	1
83782	1
83783	1
83784	1
83785	1
83786	1
83787	1
83789	1
83790	1
83791	1
83792	0
83793	1
83794	1
83795	1
83796	1
83797	1
83798	0
83799	0
83800	0
83801	0
83802	0
83803	0
83804	0
83805	0
83806	0
83807	0
83808	1
83809	1
83810	1
83811	1
83812	1
83813	1
83814	1
83815	1
83816	1
83850	0
83851	0
83852	0
83853	0
83854	0
83855	0
83856	0
83857	0
83858	0
83859	0
83860	0
83861	0
83862	0
83863	1
83864	1
83865	1
83866	1
83867	1
83868	1
83869	1
83871	1
83872	1
83873	0
83874	0
83875	1
83876	1
83877	1
83878	1
83879	0
83880	0
83881	0
83882	0
83883	0
83884	0
83885	0
83886	0
83887	0
83888	0
83889	0
83890	1
83891	1
83892	1
83893	1
83894	1
83895	1
83896	1
83897	1
83900	1
83931	0
83932	0
83933	0
83934	0
83935	0
83936	0
83937	0
83938	0
83939	0
83940	0
83941	0
83942	0
83943	1
83944	1
83945	1
83946	1
83947	1
83948	1
83949	1
83950	1
83951	1
83952	1
83953	1
83954	0
83955	0
83956	1
83957	1
83958	1
83959	0
83960	0
83961	0
83962	0
83963	0
83964	0
83965	0
83966	0
83967	0
83968	0
83969	0
83970	1
83971	1
83972	1
83973	1
83974	1
83975	1
83976	1
83977	1
84013	0
84014	0
84015	0
84016	0
84017	0
84018	0
84019	0
84020	0
84021	0
84022	0
84023	0
84024	0
84025	1
84026	1
84027	1
84028	1
84029	1
84030	1
84031	1
84033	1
84034	1
84035	1
84036	0
84037	0
84038	1
84039	1
84040	1
84041	0
84042	0
84043	0
84044	0
84045	0
84046	0
84047	0
84048	0
84049	0
84050	0
84051	1
84052	1
84053	1
84054	1
84055	1
84056	1
84058	1
84059	1
84096	0
84097	0
84098	0
84099	0
84100	0
84101	0
84102	0
84103	0
84104	0
84105	0
84106	0
84107	1
84108	1
84109	1
84110	1
84111	1
84112	1
84113	1
84115	1
84116	1
84117	1
84118	0
84119	0
84120	0
84121	0
84122	0
84123	0
84124	0
84125	0
84126	0
84127	0
84128	0
84129	0
84130	0
84131	0
84132	0
84133	1
84134	1
84135	1
84136	1
84137	1
84138	1
84139	1
84140	1
84176	0
84177	0
84178	0
84179	0
84180	0
84181	0
84182	0
84183	0
84184	0
84185	0
84186	0
84187	0
84188	0
84189	1
84190	1
84191	1
84192	1
84193	1
84194	1
84196	1
84197	1
84198	1
84199	0
84200	0
84201	0
84202	0
84203	0
84204	0
84205	0
84206	0
84207	0
84208	0
84209	0
84210	0
84211	0
84212	0
84213	0
84214	1
84215	1
84216	1
84217	1
84218	1
84219	1
84258	0
84259	0
84260	0
84261	0
84262	0
84263	0
84264	0
84265	0
84266	0
84267	0
84268	0
84269	0
84270	0
84271	1
84272	1
84273	1
84274	1
84275	1
84276	1
84278	1
84279	1
84280	0
84281	0
84282	0
84283	0
84284	0
84285	0
84286	0
84287	0
84288	0
84289	0
84290	0
84291	0
84292	0
84293	0
84294	0
84295	0
84296	1
84297	1
84298	1
84299	1
84300	1
84301	1
84302	1
84339	0
84340	0
84341	0
84342	0
84343	0
84344	0
84345	0
84346	0
84347	0
84348	0
84349	0
84350	0
84351	0
84352	0
84353	1
84354	1
84355	1
84356	1
84357	1
84358	1
84359	1
84360	1
84361	1
84362	0
84363	0
84364	0
84365	0
84366	0
84367	0
84368	0
84369	0
84370	0
84371	0
84372	0
84373	0
84374	0
84375	0
84376	0
84377	0
84378	1
84379	1
84380	1
84381	1
84382	1
84383	1
84420	0
84421	0
84422	0
84423	0
84424	0
84425	0
84426	0
84427	0
84428	0
84429	0
84430	0
84431	0
84432	0
84433	0
84434	1
84435	1
84436	1
84437	1
84438	1
84439	1
84440	1
84441	1
84442	0
84443	0
84444	0
84445	0
84446	0
84447	0
84448	0
84449	0
84450	0
84451	0
84452	0
84453	0
84454	0
84455	0
84456	0
84457	0
84458	0
84459	1
84460	1
84461	1
84462	1
84463	1
84464	1
84501	0
84502	0
84503	0
84504	0
84505	0
84506	0
84507	0
84508	0
84509	0
84510	0
84511	0
84512	0
84513	0
84514	0
84515	1
84516	1
84517	1
84518	1
84519	1
84520	1
84521	1
84522	1
84523	1
84524	0
84525	0
84526	0
84527	0
84528	0
84529	0
84530	0
84531	0
84532	0
84533	0
84534	0
84535	0
84536	0
84537	0
84538	0
84539	0
84540	1
84541	1
84542	1
84543	1
84544	1
84545	1
84546	1
84583	0
84584	0
84585	0
84586	0
84587	0
84588	0
84589	0
84590	0
84591	0
84592	0
84593	0
84594	0
84595	0
84596	0
84597	1
84598	1
84599	1
84600	1
84601	1
84602	1
84603	0
84604	1
84605	0
84606	0
84607	0
84608	0
84609	0
84610	0
84611	0
84612	0
84613	0
84614	0
84615	0
84616	0
84617	0
84618	0
84619	0
84620	0
84621	1
84622	1
84623	1
84624	1
84625	1
84626	1
84627	1
84664	0
84665	0
84666	0
84667	0
84668	0
84669	0
84670	0
84671	0
84672	0
84673	0
84674	0
84675	0
84676	0
84677	0
84678	1
84679	1
84680	1
84681	1
84682	0
84683	0
84684	0
84685	0
84686	0
84687	0
84688	0
84689	0
84690	0
84691	0
84692	0
84693	0
84694	0
84695	0
84696	0
84697	0
84698	0
84699	0
84700	0
84701	0
84702	1
84703	1
84704	1
84705	1
84706	1
84707	1
84746	0
84747	0
84748	0
84749	0
84750	0
84751	0
84752	0
84753	0
84754	0
84755	0
84756	0
84757	0
84758	0
84759	0
84760	1
84761	1
84762	1
84763	1
84764	0
84765	0
84766	0
84767	0
84768	0
84769	0
84770	0
84771	0
84772	0
84773	0
84774	0
84775	0
84776	0
84777	0
84778	0
84779	0
84780	0
84781	0
84782	0
84783	0
84784	1
84785	1
84786	1
84787	1
84788	1
84827	0
84828	0
84829	0
84830	0
84831	0
84832	0
84833	0
84834	0
84835	0
84836	0
84837	0
84838	0
84839	0
84840	0
84841	0
84842	0
84843	1
84844	1
84845	1
84846	0
84847	0
84848	0
84849	0
84850	0
84851	0
84852	0
84853	0
84854	0
84855	0
84856	0
84857	0
84858	0
84859	0
84860	0
84861	0
84862	0
84863	0
84864	0
84865	0
84866	1
84867	1
84868	1
84869	1
84870	1
84908	0
84909	0
84910	0
84911	0
84912	0
84913	0
84914	0
84915	0
84916	0
84917	0
84918	0
84919	0
84920	0
84921	0
84922	0
84923	0
84924	1
84925	0
84926	1
84927	0
84928	0
84929	0
84930	0
84931	0
84932	0
84933	0
84934	0
84935	0
84936	0
84937	0
84938	0
84939	0
84940	0
84941	0
84942	0
84943	0
84944	0
84945	0
84946	1
84947	1
84948	1
84949	1
84950	1
84990	0
84991	0
84992	0
84993	0
84994	0
84995	0
84996	0
84997	0
84998	0
84999	0
85000	0
85001	0
85002	0
85003	0
85004	0
85005	0
85006	1
85007	0
85008	0
85009	0
85010	0
85011	0
85012	0
85013	0
85014	0
85015	0
85016	0
85017	0
85018	0
85019	0
85020	0
85021	0
85022	0
85023	0
85024	0
85025	0
85026	0
85027	0
85028	1
85029	1
85030	1
85031	1
85071	0
85072	0
85073	0
85074	0
85075	0
85076	0
85077	0
85078	0
85079	0
85080	0
85081	0
85082	0
85083	0
85084	0
85085	0
85086	0
85087	0
85088	0
85089	0
85090	0
85091	0
85092	0
85093	0
85094	0
85095	0
85096	0
85097	0
85098	0
85099	0
85100	0
85101	0
85102	0
85103	0
85104	0
85105	0
85106	0
85107	0
85108	0
85109	0
85110	1
85111	1
85112	1
85113	1
85152	0
85153	0
85154	0
85155	0
85156	0
85157	0
85158	0
85159	0
85160	0
85161	0
85162	0
85163	0
85164	0
85165	0
85166	0
85167	0
85168	0
85169	0
85170	0
85171	0
85172	0
85173	0
85174	0
85175	0
85176	0
85177	0
85178	0
85179	0
85180	0
85181	0
85182	0
85183	0
85184	0
85185	0
85186	0
85187	0
85188	0
85189	0
85190	1
85191	1
85192	1
85193	1
85194	1
85233	0
85234	0
85235	0
85236	0
85237	0
85238	0
85239	0
85240	0
85241	0
85242	0
85243	0
85244	0
85245	0
85246	0
85247	0
85248	0
85249	0
85250	0
85251	0
85252	0
85253	0
85254	0
85255	0
85256	0
85257	0
85258	0
85259	0
85260	0
85261	0
85262	0
85263	0
85264	0
85265	0
85266	0
85267	0
85268	0
85269	0
85270	0
85271	0
85272	1
85273	1
85274	1
85275	1
85315	0
85316	0
85317	0
85318	0
85319	0
85320	0
85321	0
85322	0
85323	0
85324	0
85325	0
85326	0
85327	0
85328	0
85329	0
85330	0
85331	0
85332	0
85333	0
85334	0
85335	0
85336	0
85337	0
85338	0
85339	0
85340	0
85341	0
85342	0
85343	0
85344	0
85345	0
85346	0
85347	0
85348	0
85349	0
85350	0
85351	0
85352	0
85353	1
85354	1
85355	1
85356	0
85357	1
85394	0
85395	0
85396	0
85397	0
85398	0
85399	0
85400	0
85401	0
85402	0
85403	0
85404	0
85405	0
85406	0
85407	0
85408	0
85409	0
85410	0
85411	0
85412	0
85413	0
85414	0
85415	0
85416	0
85417	0
85418	0
85419	0
85420	0
85421	0
85422	0
85423	0
85424	0
85425	0
85426	0
85427	0
85428	0
85429	0
85430	0
85431	0
85432	0
85433	0
85434	1
85435	1
85436	1
85437	0
85476	0
85477	0
85478	0
85479	0
85480	0
85481	0
85482	0
85483	0
85484	0
85485	0
85486	0
85487	0
85488	0
85489	0
85490	0
85491	0
85492	0
85493	0
85494	0
85495	0
85496	0
85497	0
85498	0
85499	0
85500	0
85501	0
85502	0
85503	0
85504	0
85505	0
85506	0
85507	0
85508	0
85509	0
85510	0
85511	0
85512	0
85513	0
85514	0
85515	0
85516	1
85517	1
85518	0
85519	0
85557	0
85558	0
85559	0
85560	0
85561	0
85562	0
85563	0
85564	0
85565	0
85566	0
85567	0
85568	0
85569	0
85570	0
85571	0
85572	0
85573	0
85574	0
85575	0
85576	0
85577	0
85578	0
85579	0
85580	0
85581	0
85582	0
85583	0
85584	0
85585	0
85586	0
85587	0
85588	0
85589	0
85590	0
85591	0
85592	0
85593	0
85594	0
85595	0
85596	0
85597	0
85598	1
85599	0
85600	0
85638	0
85639	0
85640	0
85641	0
85642	0
85643	0
85644	0
85645	0
85646	0
85647	0
85648	0
85649	0
85650	0
85651	0
85652	0
85653	0
85654	0
85655	0
85656	0
85657	0
85658	0
85659	0
85660	0
85661	0
85662	0
85663	0
85664	0
85665	0
85666	0
85667	0
85668	0
85669	0
85670	0
85671	0
85672	0
85673	0
85674	0
85675	0
85676	0
85677	0
85678	0
85679	0
85680	0
85681	0
85720	0
85721	0
85722	0
85723	0
85724	0
85725	0
85726	0
85727	0
85728	0
85729	0
85730	0
85731	0
85732	0
85733	0
85734	0
85735	0
85736	0
85737	0
85738	0
85739	0
85740	0
85741	0
85742	0
85743	0
85744	0
85745	0
85746	0
85747	0
85748	0
85749	0
85750	0
85751	0
85752	0
85753	0
85754	0
85755	0
85756	0
85757	0
85758	0
85759	0
85760	0
85761	0
85762	0
85802	0
85803	0
85804	0
85805	0
85806	0
85807	0
85808	0
85809	0
85810	0
85811	0
85812	0
85813	0
85814	0
85815	0
85816	0
85817	0
85818	0
85819	0
85820	0
85821	0
85822	0
85823	0
85824	0
85825	0
85826	0
85827	0
85828	0
85829	0
85830	0
85831	0
85832	0
85833	0
85834	0
85835	0
85836	0
85837	0
85838	0
85839	0
85840	0
85841	0
85842	0
85843	0
85844	0
85883	0
85884	0
85885	0
85886	0
85887	0
85888	0
85889	0
85890	0
85891	0
85892	0
85893	0
85894	0
85895	0
85896	0
85897	0
85898	0
85899	0
85900	0
85901	0
85902	0
85903	0
85904	0
85905	0
85906	0
85907	0
85908	0
85909	0
85910	0
85911	0
85912	0
85913	0
85914	0
85915	0
85916	0
85917	0
85918	0
85919	0
85920	0
85921	0
85922	0
85923	0
85924	0
85965	0
85966	0
85967	0
85968	0
85969	0
85970	0
85971	0
85972	0
85973	0
85974	0
85975	0
85976	0
85977	0
85978	0
85979	0
85980	0
85981	0
85982	0
85983	0
85984	0
85985	0
85986	0
85987	0
85988	0
85989	0
85990	0
85991	0
85992	0
85993	0
85994	0
85995	0
85996	0
85997	0
85998	0
85999	0
86000	0
86001	0
86002	0
86003	0
86004	0
86005	0
86047	0
86048	0
86049	0
86050	0
86051	0
86052	0
86053	0
86054	0
86055	0
86056	0
86057	0
86058	0
86059	0
86060	0
86061	0
86062	0
86063	0
86064	0
86065	0
86066	0
86067	0
86068	0
86069	0
86070	0
86071	0
86072	0
86073	0
86074	0
86075	0
86076	0
86077	0
86078	0
86079	0
86080	0
86081	0
86082	0
86083	0
86084	0
86085	0
86086	0
86087	0
86128	0
86129	0
86130	0
86131	0
86132	0
86133	0
86134	0
86135	0
86136	0
86137	0
86138	0
86139	0
86140	0
86141	0
86142	0
86143	0
86144	0
86145	0
86146	0
86147	0
86148	0
86149	0
86150	0
86151	0
86152	0
86153	0
86154	0
86155	0
86156	0
86157	0
86158	0
86159	0
86160	0
86161	0
86162	0
86163	0
86164	0
86165	0
86166	0
86167	0
86210	0
86211	0
86212	0
86213	0
86214	0
86215	0
86216	0
86217	0
86218	0
86219	0
86220	0
86221	0
86222	0
86223	0
86224	0
86225	0
86226	0
86227	0
86228	0
86229	0
86230	0
86231	0
86232	0
86233	0
86234	0
86235	0
86236	0
86237	0
86238	0
86239	0
86240	0
86241	0
86242	0
86243	0
86244	0
86245	0
86246	0
86247	0
86248	0
86292	0
86293	0
86294	0
86295	0
86296	0
86297	0
86298	0
86299	0
86300	0
86301	0
86302	0
86303	0
86304	0
86305	0
86306	0
86307	0
86308	0
86309	0
86310	0
86311	0
86312	0
86313	0
86314	0
86315	0
86316	0
86317	0
86318	0
86319	0
86320	0
86321	0
86322	0
86323	0
86324	0
86325	0
86326	0
86327	0
86328	0
86329	0
86330	0
86373	0
86374	0
86375	0
86376	0
86377	0
86378	0
86379	0
86380	0
86381	0
86382	0
86383	0
86384	0
86385	0
86386	0
86387	0
86388	0
86389	0
86390	0
86391	0
86392	0
86393	0
86394	0
86395	0
86396	0
86397	0
86398	0
86399	0
86400	0
86401	0
86402	0
86403	0
86404	0
86405	0
86406	0
86407	0
86408	0
86409	0
86410	0
86455	0
86456	0
86457	0
86458	0
86459	0
86460	0
86461	0
86462	0
86463	0
86464	0
86465	0
86466	0
86467	0
86468	0
86469	0
86470	0
86471	0
86472	0
86473	0
86474	0
86475	0
86476	0
86477	0
86478	0
86479	0
86480	0
86481	0
86482	0
86483	0
86484	0
86485	0
86486	0
86487	0
86488	0
86489	0
86490	0
86491	0
86492	0
86537	0
86538	0
86539	0
86540	0
86541	0
86542	0
86543	0
86544	0
86545	0
86546	0
86547	0
86548	0
86549	0
86550	0
86551	0
86552	0
86553	0
86554	0
86555	0
86556	0
86557	0
86558	0
86559	0
86560	0
86561	0
86562	0
86563	0
86564	0
86565	0
86566	0
86567	0
86568	0
86569	0
86570	0
86571	0
86572	0
86573	0
86574	0
86618	0
86619	0
86620	0
86621	0
86622	0
86623	0
86624	0
86625	0
86626	0
86627	0
86628	0
86629	0
86630	0
86631	0
86632	0
86633	0
86634	0
86635	0
86636	0
86637	0
86638	0
86639	0
86640	0
86641	0
86642	0
86643	0
86644	0
86645	0
86646	0
86647	0
86648	0
86649	0
86651	0
86652	0
86653	0
86654	0
86700	0
86701	0
86702	0
86703	0
86704	0
86705	0
86706	0
86707	0
86708	0
86709	0
86710	0
86711	0
86712	0
86713	0
86714	0
86715	0
86716	0
86717	0
86718	0
86719	0
86720	0
86721	0
86722	0
86723	0
86724	0
86725	0
86726	0
86727	0
86728	0
86729	0
86730	0
86731	0
86733	0
86734	0
86735	0
86736	0
86782	0
86783	0
86784	0
86785	0
86786	0
86787	0
86788	0
86789	0
86790	0
86791	0
86792	0
86793	0
86794	0
86795	0
86796	0
86797	0
86798	0
86799	0
86800	0
86801	0
86802	0
86803	0
86804	0
86805	0
86806	0
86807	0
86808	0
86809	0
86810	0
86811	0
86812	0
86813	0
86814	0
86815	0
86816	0
86817	0
86818	0
86863	0
86864	0
86865	0
86866	0
86867	0
86868	0
86869	0
86870	0
86871	0
86872	0
86873	0
86874	0
86875	0
86876	0
86877	0
86878	0
86879	0
86880	0
86881	0
86882	0
86883	0
86885	0
86886	0
86887	0
86888	0
86889	0
86890	0
86891	0
86892	0
86893	0
86895	0
86896	0
86897	0
86898	0
86945	0
86946	0
86947	0
86948	0
86949	0
86950	0
86951	0
86952	0
86953	0
86954	0
86955	0
86956	0
86957	0
86958	0
86959	0
86960	0
86961	0
86962	0
86963	0
86964	0
86966	0
86967	0
86968	0
86969	0
86970	0
86971	0
86972	0
86973	0
86974	0
86975	0
86976	0
86977	0
86978	0
87027	0
87028	0
87029	0
87030	0
87031	0
87032	0
87033	0
87034	0
87035	0
87036	0
87037	0
87038	0
87039	0
87040	0
87041	0
87042	0
87043	0
87044	0
87045	0
87048	0
87049	0
87050	0
87051	0
87052	0
87053	0
87054	0
87055	0
87056	0
87058	0
87059	0
87108	0
87109	0
87110	0
87111	0
87112	0
87113	0
87114	0
87115	0
87116	0
87117	0
87118	0
87119	0
87120	0
87121	0
87122	0
87123	0
87124	0
87125	0
87129	0
87130	0
87131	0
87132	0
87133	0
87134	0
87135	0
87136	0
87139	0
87140	0
87190	0
87191	0
87192	0
87193	0
87194	0
87195	0
87196	0
87197	0
87198	0
87199	0
87200	0
87201	0
87202	0
87203	0
87204	0
87205	0
87206	0
87211	0
87212	0
87213	0
87214	0
87215	0
87216	0
87217	0
87218	0
87220	0
87221	0
87272	0
87273	0
87274	0
87275	0
87276	0
87277	0
87278	0
87279	0
87280	0
87281	0
87282	0
87283	0
87284	0
87285	0
87286	0
87287	0
87293	0
87294	0
87295	0
87296	0
87297	0
87298	0
87299	0
87302	0
87303	0
87353	0
87354	0
87355	0
87356	0
87357	0
87358	0
87359	0
87360	0
87361	0
87362	0
87363	0
87364	0
87365	0
87366	0
87374	0
87375	0
87376	0
87377	0
87378	0
87379	0
87380	0
87435	0
87436	0
87437	0
87438	0
87439	0
87440	0
87441	0
87442	0
87443	0
87444	0
87445	0
87446	0
87447	0
87456	0
87457	0
87458	0
87459	0
87460	0
87461	0
87517	0
87518	0
87519	0
87520	0
87521	0
87522	0
87523	0
87524	0
87525	0
87526	0
87527	0
87528	0
87538	0
87539	0
87540	0
87541	0
87542	0
87598	0
87599	0
87600	0
87601	0
87602	0
87603	0
87604	0
87605	0
87606	0
87607	0
87608	0
87619	0
87620	0
87621	0
87622	0
87623	0
87680	0
87681	0
87682	0
87683	0
87684	0
87685	0
87686	0
87687	0
87688	0
87689	0
87701	0
87702	0
87703	0
87704	0
87762	0
87763	0
87764	0
87765	0
87766	0
87767	0
87768	0
87769	0
87770	0
87783	0
87784	0
87785	0
87843	0
87844	0
87845	0
87846	0
87847	0
87848	0
87849	0
87850	0
87864	0
87865	0
87925	0
87926	0
87927	0
87928	0
87929	0
87930	0
87931	0
87946	0
87947	0
88007	0
88008	0
88009	0
88010	0
88011	0
88012	0
88028	0
88089	0
88090	0
88091	0
88092	0
88109	0
88171	0
88172	0
88173	0
88253	0