HID	PA
31994	0
32075	0
32076	0
32077	0
32156	0
32157	0
32158	0
32236	0
32237	0
32238	0
32239	0
32317	0
32318	0
32319	0
32320	0
32399	0
32400	0
32401	0
32479	0
32480	0
32481	0
32482	0
32561	0
32562	0
32563	0
32643	0
32644	0
32723	0
32724	0
32725	0
32804	0
32805	0
32806	0
32886	0
32887	0
32966	0
32967	0
32968	0
33048	0
33049	0
33129	0
33130	0
33210	0
33211	0
33291	0
33292	0
33373	0
33453	0
33454	0
33534	0
33535	0
33616	0
33696	0
33697	0
33777	0
33778	0
33859	0
33939	0
33940	0
34021	0
34102	0
34182	0
34183	0
34264	0
34345	0
34425	0
34426	0
34506	0
34507	0
34588	0
34669	0
34750	0
34912	0
34993	0
35155	0
39385	0
39386	0
39387	0
39388	0
39389	0
39390	0
39391	0
39392	0
39393	0
39394	0
39395	0
39396	0
39397	0
39398	0
39466	0
39467	0
39468	0
39469	0
39470	0
39471	0
39472	0
39473	0
39474	0
39475	0
39476	0
39477	0
39478	0
39479	0
39547	0
39548	0
39549	0
39550	0
39551	0
39552	0
39553	0
39554	0
39555	0
39556	0
39557	0
39558	0
39559	0
39560	0
39629	0
39630	0
39631	0
39632	0
39633	0
39634	0
39635	0
39636	0
39637	0
39638	0
39639	0
39640	0
39641	0
39642	0
39709	0
39710	0
39711	0
39712	0
39713	0
39714	0
39715	0
39716	0
39717	0
39718	0
39719	0
39720	0
39721	0
39722	0
39790	0
39791	0
39792	0
39793	0
39794	0
39795	0
39796	0
39797	0
39798	0
39799	0
39800	0
39801	0
39802	0
39803	0
39804	0
39871	0
39872	0
39873	0
39874	0
39875	0
39876	0
39877	0
39878	0
39879	0
39880	0
39881	0
39882	0
39883	0
39884	0
39885	0
39886	0
39952	0
39953	0
39954	0
39955	0
39956	0
39957	0
39958	0
39959	0
39960	0
39961	0
39962	0
39963	0
39964	0
39965	0
39966	0
40033	0
40034	0
40035	0
40036	0
40037	0
40038	0
40039	0
40040	0
40041	0
40042	0
40043	0
40044	0
40045	0
40046	0
40047	0
40048	0
40114	0
40115	0
40116	0
40117	0
40118	0
40119	0
40120	0
40121	0
40122	0
40123	0
40124	0
40125	0
40126	0
40127	0
40128	0
40129	0
40130	0
40195	0
40196	0
40197	0
40198	0
40199	0
40200	0
40201	0
40202	0
40203	0
40204	0
40205	0
40206	0
40207	0
40208	0
40209	0
40210	0
40276	0
40277	0
40278	0
40279	0
40280	0
40281	0
40282	0
40283	0
40284	0
40285	0
40286	0
40287	0
40288	0
40289	0
40290	0
40291	0
40292	0
40357	0
40358	0
40359	0
40360	0
40361	1
40362	0
40363	0
40364	0
40365	0
40366	0
40367	0
40368	0
40369	0
40370	0
40371	0
40372	0
40373	0
40438	0
40439	0
40440	1
40441	1
40442	1
40443	0
40444	0
40445	0
40446	0
40447	0
40448	0
40449	0
40450	0
40451	0
40452	0
40453	0
40454	0
40519	0
40520	1
40521	1
40522	1
40523	1
40524	0
40525	0
40526	0
40527	0
40528	0
40529	0
40530	0
40531	0
40532	0
40533	0
40534	0
40535	0
40600	0
40601	1
40602	1
40603	1
40604	1
40605	1
40606	0
40607	0
40608	0
40609	0
40610	0
40611	0
40612	0
40613	0
40614	0
40615	0
40616	0
40617	0
40680	0
40681	1
40682	1
40683	1
40684	1
40685	1
40686	0
40687	0
40688	0
40689	0
40690	0
40691	0
40692	0
40693	0
40694	0
40695	0
40696	0
40697	0
40761	0
40762	0
40763	1
40764	1
40765	1
40766	1
40767	1
40768	0
40769	0
40770	0
40771	0
40772	0
40773	0
40774	0
40775	0
40776	0
40777	0
40778	0
40779	0
40842	0
40843	0
40844	1
40845	1
40846	1
40847	1
40848	1
40849	1
40850	0
40851	0
40852	0
40853	0
40854	0
40855	0
40856	0
40857	0
40858	0
40859	0
40860	0
40923	0
40924	0
40925	1
40926	1
40927	1
40928	1
40929	1
40930	0
40931	0
40932	0
40933	0
40934	0
40935	0
40936	0
40937	0
40938	0
40939	0
40940	0
40941	0
41004	0
41005	0
41006	1
41007	1
41008	1
41009	1
41010	1
41011	1
41012	0
41013	0
41014	0
41015	0
41016	0
41017	0
41018	0
41019	0
41020	0
41021	0
41022	0
41085	0
41086	0
41087	1
41088	1
41089	1
41090	1
41091	1
41092	1
41093	1
41094	0
41095	0
41096	0
41097	0
41098	0
41099	0
41100	0
41101	0
41102	0
41103	0
41104	0
41166	0
41167	0
41168	1
41169	1
41170	1
41171	1
41172	1
41173	1
41174	0
41175	0
41176	0
41177	0
41178	0
41179	0
41180	0
41181	0
41182	0
41183	0
41184	0
41247	0
41248	0
41249	1
41250	1
41251	1
41252	1
41253	1
41254	1
41255	1
41256	0
41257	0
41258	0
41259	0
41260	0
41261	0
41262	0
41263	0
41264	0
41265	0
41266	0
41329	0
41330	1
41331	1
41332	1
41333	1
41334	1
41335	1
41336	1
41337	0
41338	0
41339	0
41340	0
41341	0
41342	0
41343	0
41344	0
41345	0
41346	0
41347	0
41409	0
41410	0
41411	1
41412	1
41413	1
41414	1
41415	1
41416	1
41417	1
41418	0
41419	0
41420	0
41421	0
41422	0
41423	0
41424	0
41425	0
41426	0
41427	0
41428	0
41491	0
41492	1
41493	1
41494	1
41495	1
41496	1
41497	1
41498	1
41499	1
41500	0
41501	0
41502	0
41503	0
41504	0
41505	0
41506	0
41507	0
41508	0
41509	0
41572	0
41573	0
41574	1
41575	1
41576	1
41577	1
41578	1
41579	1
41580	1
41581	0
41582	0
41583	0
41584	0
41585	0
41586	0
41587	0
41588	0
41589	0
41590	0
41591	0
41653	0
41654	1
41655	1
41656	1
41657	1
41658	1
41659	1
41660	1
41661	1
41662	0
41663	0
41664	0
41665	0
41666	0
41667	0
41668	0
41669	0
41670	0
41671	0
41672	0
41734	0
41735	1
41736	1
41737	1
41738	1
41739	1
41740	1
41741	1
41742	1
41743	1
41744	0
41745	0
41746	0
41747	0
41748	0
41749	0
41750	0
41751	0
41752	0
41753	0
41816	0
41817	1
41818	1
41819	1
41820	1
41821	1
41822	1
41823	1
41824	1
41825	0
41826	0
41827	0
41828	0
41829	0
41830	0
41831	0
41832	0
41833	0
41834	0
41835	0
41896	0
41897	0
41898	1
41899	1
41900	1
41901	1
41902	1
41903	1
41904	1
41905	1
41906	0
41907	0
41908	0
41909	0
41910	0
41911	0
41912	0
41913	0
41914	0
41915	0
41916	0
41978	0
41979	1
41980	1
41981	1
41982	1
41983	1
41984	1
41985	1
41986	1
41987	0
41988	0
41989	0
41990	0
41991	0
41992	0
41993	0
41994	0
41995	0
41996	0
41997	0
41998	0
42059	0
42060	0
42061	1
42062	1
42063	1
42064	1
42065	1
42066	1
42067	1
42068	0
42069	0
42070	0
42071	0
42072	0
42073	0
42074	0
42075	0
42076	0
42077	0
42078	0
42079	0
42080	0
42140	0
42141	0
42142	1
42143	1
42144	1
42145	1
42146	1
42147	1
42148	1
42149	0
42150	0
42151	0
42152	0
42153	0
42154	0
42155	0
42156	0
42157	0
42158	0
42159	0
42160	0
42161	0
42221	0
42222	0
42223	1
42224	1
42225	1
42226	1
42227	1
42228	1
42229	1
42230	0
42231	0
42232	0
42233	0
42234	0
42235	0
42236	0
42237	0
42238	0
42239	0
42240	0
42241	0
42242	0
42243	0
42303	0
42304	0
42305	1
42306	1
42307	1
42308	1
42309	1
42310	1
42311	1
42312	0
42313	0
42314	0
42315	0
42316	0
42317	0
42318	0
42319	0
42320	0
42321	0
42322	0
42323	0
42324	0
42383	0
42384	0
42385	0
42386	1
42387	1
42388	1
42389	1
42390	1
42391	1
42392	1
42393	0
42394	0
42395	0
42396	0
42397	0
42398	0
42399	0
42400	0
42401	0
42402	0
42403	0
42404	0
42405	0
42465	0
42466	0
42467	1
42468	1
42469	1
42470	1
42471	1
42472	1
42473	1
42474	0
42475	0
42476	0
42477	0
42478	0
42479	0
42480	0
42481	0
42482	0
42483	0
42484	0
42485	0
42486	0
42487	0
42546	0
42547	0
42548	0
42549	1
42550	1
42551	1
42552	1
42553	1
42554	1
42555	1
42556	0
42557	0
42558	0
42559	0
42560	0
42561	0
42562	0
42563	0
42564	0
42565	0
42566	0
42567	0
42568	0
42627	0
42628	0
42629	0
42630	1
42631	1
42632	1
42633	1
42634	1
42635	0
42636	0
42637	0
42638	0
42639	0
42640	0
42641	0
42642	0
42643	0
42644	0
42645	0
42646	0
42647	0
42648	0
42649	0
42708	0
42709	0
42710	0
42711	1
42712	1
42713	1
42714	1
42715	1
42716	1
42717	0
42718	0
42719	0
42720	0
42721	0
42722	0
42723	0
42724	0
42725	0
42726	0
42727	0
42728	0
42729	0
42730	0
42731	0
42790	0
42791	0
42792	0
42793	1
42794	1
42795	1
42796	1
42797	1
42798	1
42799	0
42800	0
42801	0
42802	0
42803	0
42804	0
42805	0
42806	0
42807	0
42808	0
42809	0
42810	0
42811	0
42812	0
42813	0
42871	0
42872	0
42873	0
42874	1
42875	1
42876	1
42877	1
42878	1
42879	0
42880	0
42881	0
42882	0
42883	0
42884	0
42885	0
42886	0
42887	0
42888	0
42889	0
42890	0
42891	0
42892	0
42893	0
42894	0
42952	0
42953	0
42954	0
42955	1
42956	1
42957	1
42958	1
42959	1
42960	1
42961	0
42962	0
42963	0
42964	0
42965	0
42966	0
42967	0
42968	0
42969	0
42970	0
42971	0
42972	0
42973	0
42974	0
42975	0
42976	0
43034	0
43035	0
43036	0
43038	1
43039	1
43040	1
43041	1
43042	1
43043	0
43044	0
43045	0
43046	0
43047	0
43048	0
43049	0
43050	0
43051	0
43052	0
43053	0
43054	0
43055	0
43056	0
43057	0
43115	0
43116	0
43117	0
43118	1
43119	1
43120	1
43121	1
43122	1
43123	0
43124	0
43125	0
43126	0
43127	0
43128	0
43129	0
43130	0
43131	0
43132	0
43133	0
43134	0
43135	0
43136	0
43137	0
43138	0
43197	0
43198	0
43199	1
43200	1
43201	1
43202	1
43203	1
43204	1
43205	0
43206	0
43207	0
43208	0
43209	0
43210	0
43211	0
43212	0
43213	0
43214	0
43215	0
43216	0
43217	0
43218	0
43219	0
43220	0
43279	0
43280	0
43281	1
43282	1
43283	1
43284	1
43285	1
43286	1
43287	0
43288	0
43289	0
43290	0
43291	0
43292	0
43293	0
43294	0
43295	0
43296	0
43297	0
43298	0
43299	0
43300	0
43301	0
43359	0
43360	0
43361	0
43362	1
43363	1
43364	1
43365	1
43366	1
43367	0
43368	0
43369	0
43370	0
43371	0
43372	0
43373	0
43374	0
43375	0
43376	0
43377	0
43378	0
43379	0
43380	0
43381	0
43382	0
43441	0
43442	0
43443	1
43444	1
43445	1
43446	1
43447	1
43448	1
43449	0
43450	0
43451	0
43452	0
43453	0
43454	0
43455	0
43456	0
43457	0
43458	0
43459	0
43460	0
43461	0
43462	0
43463	0
43464	0
43523	0
43524	0
43525	1
43526	1
43527	1
43528	1
43529	1
43530	1
43531	0
43532	0
43533	0
43534	0
43535	0
43536	0
43537	0
43538	0
43539	0
43540	0
43541	0
43542	0
43543	0
43544	0
43545	0
43604	0
43605	0
43606	1
43607	1
43608	1
43609	1
43610	1
43611	1
43612	0
43613	0
43614	0
43615	0
43616	0
43617	0
43618	0
43619	0
43620	0
43621	0
43622	0
43623	0
43624	0
43625	0
43626	0
43685	0
43686	0
43687	1
43688	1
43689	1
43690	1
43691	1
43692	1
43693	0
43694	0
43695	0
43696	0
43697	0
43698	0
43699	0
43700	0
43701	0
43702	0
43703	0
43704	0
43705	0
43706	0
43707	0
43708	0
43767	0
43768	0
43769	1
43770	1
43771	1
43772	1
43773	1
43774	1
43775	1
43776	0
43777	0
43778	0
43779	0
43780	0
43781	0
43782	0
43783	0
43784	0
43785	0
43786	0
43787	0
43788	0
43789	0
43790	0
43848	0
43849	0
43850	1
43851	1
43852	1
43853	1
43854	1
43855	1
43856	1
43857	0
43858	0
43859	0
43860	0
43861	0
43862	0
43863	0
43864	0
43865	0
43866	0
43867	0
43868	0
43869	0
43870	0
43871	0
43929	0
43930	0
43931	0
43932	1
43933	1
43934	1
43935	1
43936	1
43937	1
43938	0
43939	0
43940	0
43941	0
43942	0
43943	0
43944	0
43945	0
43946	0
43947	0
43948	0
43949	0
43950	0
43951	0
43952	0
43953	0
44011	0
44012	0
44013	1
44014	1
44015	1
44016	1
44017	1
44018	1
44019	1
44020	0
44021	0
44022	0
44023	0
44024	0
44025	0
44026	0
44027	0
44028	0
44029	0
44030	0
44031	0
44032	0
44033	0
44034	0
44035	0
44092	0
44093	0
44094	1
44095	1
44096	1
44097	1
44098	1
44099	1
44100	1
44101	0
44102	0
44103	0
44104	0
44105	0
44106	0
44107	0
44108	0
44109	0
44110	0
44111	0
44112	0
44113	0
44114	0
44115	0
44173	0
44174	0
44175	0
44176	1
44177	1
44178	1
44179	1
44180	1
44181	1
44182	0
44183	0
44184	0
44185	0
44186	0
44187	0
44188	0
44189	0
44190	0
44191	0
44192	0
44193	0
44194	0
44195	0
44196	0
44197	0
44255	0
44256	0
44257	1
44258	1
44259	1
44260	1
44261	1
44262	1
44263	1
44264	0
44265	0
44266	0
44267	0
44268	0
44269	0
44270	0
44271	0
44272	0
44273	0
44274	0
44275	0
44276	0
44277	0
44278	0
44279	0
44335	0
44336	0
44337	0
44338	1
44339	1
44340	1
44341	1
44342	1
44343	1
44344	1
44345	0
44346	0
44347	0
44348	0
44349	0
44350	0
44351	0
44352	0
44353	0
44354	0
44355	0
44356	0
44357	0
44358	0
44359	0
44417	0
44418	0
44419	0
44420	0
44421	1
44422	1
44423	1
44424	1
44425	1
44426	0
44427	0
44428	0
44429	0
44430	0
44431	0
44432	0
44433	0
44434	0
44435	0
44436	0
44437	0
44438	0
44439	0
44440	0
44441	0
44499	0
44500	0
44501	0
44502	1
44503	1
44504	1
44505	1
44506	1
44507	1
44508	0
44509	0
44510	0
44511	0
44512	0
44513	0
44514	0
44515	0
44516	0
44517	0
44518	0
44519	0
44520	0
44521	0
44522	0
44523	0
44579	0
44580	0
44581	0
44582	0
44583	1
44584	1
44585	1
44586	1
44587	1
44588	1
44589	1
44590	0
44591	0
44592	0
44593	0
44594	0
44595	0
44596	0
44597	0
44598	0
44599	0
44600	0
44601	0
44602	0
44603	0
44661	0
44662	0
44663	0
44664	0
44665	1
44666	1
44667	1
44668	1
44669	1
44670	1
44671	0
44672	0
44673	0
44674	0
44675	0
44676	0
44677	0
44678	0
44679	0
44680	0
44681	0
44682	0
44683	0
44684	0
44685	0
44743	0
44744	0
44745	0
44746	1
44747	1
44748	1
44749	1
44750	1
44751	1
44752	1
44753	0
44754	0
44755	0
44756	0
44757	0
44758	0
44759	0
44760	0
44761	0
44762	0
44763	0
44764	0
44765	0
44766	0
44767	0
44824	0
44825	0
44826	0
44827	1
44828	1
44829	1
44830	1
44831	1
44832	1
44833	1
44834	0
44835	0
44836	0
44837	0
44838	0
44839	0
44840	0
44841	0
44842	0
44843	0
44844	0
44845	0
44846	0
44847	0
44906	0
44907	0
44908	0
44909	1
44910	1
44911	1
44912	1
44913	1
44914	1
44915	0
44916	0
44917	0
44918	0
44919	0
44920	0
44921	0
44922	0
44923	0
44924	0
44925	0
44926	0
44927	0
44928	0
44929	0
44988	0
44989	0
44990	1
44991	1
44992	1
44993	1
44994	1
44995	1
44996	1
44997	0
44998	0
44999	0
45000	0
45001	0
45002	0
45003	0
45004	0
45005	0
45006	0
45007	0
45008	0
45009	0
45010	0
45011	0
45068	0
45069	0
45070	0
45071	1
45072	1
45073	1
45074	1
45075	1
45076	1
45077	1
45078	0
45079	0
45080	0
45081	0
45082	0
45083	0
45084	0
45085	0
45086	0
45087	0
45088	0
45089	0
45090	0
45091	0
45150	0
45151	0
45152	0
45153	1
45154	1
45155	1
45156	1
45157	1
45158	1
45159	0
45160	0
45161	0
45162	0
45163	0
45164	0
45165	0
45166	0
45167	0
45168	0
45169	0
45170	0
45171	0
45172	0
45173	0
45232	0
45233	0
45234	1
45235	1
45236	1
45237	1
45238	1
45239	1
45240	1
45241	0
45242	0
45243	0
45244	0
45245	0
45246	0
45247	0
45248	0
45249	0
45250	0
45251	0
45252	0
45253	0
45254	0
45255	0
45313	0
45314	0
45315	1
45316	1
45317	1
45318	1
45319	1
45320	1
45321	1
45322	0
45323	0
45324	0
45325	0
45326	0
45327	0
45328	0
45329	0
45330	0
45331	0
45332	0
45333	0
45334	0
45335	0
45395	0
45396	0
45397	1
45398	1
45399	1
45400	1
45401	1
45402	1
45403	1
45404	0
45405	0
45406	0
45407	0
45408	0
45409	0
45410	0
45411	0
45412	0
45413	0
45414	0
45415	0
45416	0
45417	0
45476	0
45477	0
45478	1
45479	1
45480	1
45481	1
45482	1
45483	1
45484	1
45485	0
45486	0
45487	0
45488	0
45489	0
45490	0
45491	0
45492	0
45493	0
45494	0
45495	0
45496	0
45497	0
45498	0
45499	0
45557	0
45558	0
45559	0
45560	1
45561	1
45562	1
45563	1
45564	1
45565	1
45566	0
45567	0
45568	0
45569	0
45570	0
45571	0
45572	0
45573	0
45574	0
45575	0
45576	0
45577	0
45578	0
45579	0
45639	0
45640	0
45641	0
45642	1
45643	1
45644	1
45645	1
45646	1
45647	1
45648	1
45649	0
45650	0
45651	0
45652	0
45653	0
45654	0
45655	0
45656	0
45657	0
45658	0
45659	0
45660	0
45661	0
45721	0
45722	0
45723	1
45724	1
45725	1
45726	1
45727	1
45728	1
45729	1
45730	0
45731	0
45732	0
45733	0
45734	0
45735	0
45736	0
45737	0
45738	0
45739	0
45740	0
45741	0
45742	0
45743	0
45801	0
45802	0
45803	0
45804	1
45805	1
45806	1
45807	1
45808	1
45809	1
45810	1
45811	0
45812	0
45813	0
45814	0
45815	0
45816	0
45817	0
45818	0
45819	0
45820	0
45821	0
45822	0
45823	0
45883	0
45884	0
45885	0
45886	1
45887	1
45888	1
45889	1
45890	1
45891	1
45892	1
45893	0
45894	0
45895	0
45896	0
45897	0
45898	0
45899	0
45900	0
45901	0
45902	0
45903	0
45904	0
45905	0
45965	0
45966	0
45967	1
45968	1
45969	1
45970	1
45971	1
45972	1
45973	1
45974	0
45975	0
45976	0
45977	0
45978	0
45979	0
45980	0
45981	0
45982	0
45983	0
45984	0
45985	0
45986	0
45987	0
46045	0
46046	0
46047	0
46048	1
46049	1
46050	1
46051	1
46052	1
46053	1
46054	1
46055	0
46056	0
46057	0
46058	0
46059	0
46060	0
46061	0
46062	0
46063	0
46064	0
46065	0
46066	0
46067	0
46127	0
46128	0
46129	0
46130	1
46131	1
46132	1
46133	1
46134	1
46135	1
46136	1
46137	0
46138	0
46139	0
46140	0
46141	0
46142	0
46143	0
46144	0
46145	0
46146	0
46147	0
46148	0
46149	0
46209	0
46210	0
46211	1
46212	1
46213	1
46214	1
46215	1
46216	1
46217	1
46218	0
46219	0
46220	0
46221	0
46222	0
46223	0
46224	0
46225	0
46226	0
46227	0
46228	0
46229	0
46230	0
46231	0
46289	0
46290	0
46291	0
46292	1
46293	1
46294	1
46295	1
46296	1
46297	1
46298	1
46299	0
46300	0
46301	0
46302	0
46303	0
46304	0
46305	0
46306	0
46307	0
46308	0
46309	0
46310	0
46311	0
46371	0
46372	0
46373	0
46374	1
46375	1
46376	1
46377	1
46378	1
46379	1
46380	1
46381	0
46382	0
46383	0
46384	0
46385	0
46386	0
46387	0
46388	0
46389	0
46390	0
46391	0
46392	0
46393	0
46452	0
46453	0
46454	0
46455	1
46456	1
46457	1
46458	1
46459	1
46460	1
46461	1
46462	0
46463	0
46464	0
46465	0
46466	0
46467	0
46468	0
46469	0
46470	0
46471	0
46472	0
46473	0
46474	0
46475	0
46532	0
46533	0
46534	0
46535	0
46536	1
46537	1
46538	1
46539	1
46540	1
46541	1
46542	1
46543	0
46544	0
46545	0
46546	0
46547	0
46548	0
46549	0
46550	0
46551	0
46552	0
46553	0
46554	0
46555	0
46614	0
46615	0
46616	0
46617	0
46618	1
46619	1
46620	1
46621	1
46622	1
46623	1
46624	1
46625	0
46626	0
46627	0
46628	0
46629	0
46630	0
46631	0
46632	0
46633	0
46634	0
46635	0
46636	0
46637	0
46695	0
46696	0
46697	0
46698	0
46699	1
46700	1
46701	1
46702	1
46703	1
46704	1
46705	1
46706	0
46707	0
46708	0
46709	0
46710	0
46711	0
46712	0
46713	0
46714	0
46715	0
46716	0
46717	0
46718	0
46719	0
46775	0
46776	0
46777	0
46778	0
46779	1
46780	1
46781	1
46782	1
46783	1
46784	1
46785	1
46786	1
46787	0
46788	0
46789	0
46790	0
46791	0
46792	0
46793	0
46794	0
46795	0
46796	0
46797	0
46798	0
46799	0
46857	0
46858	0
46859	0
46860	0
46861	1
46862	1
46863	1
46864	1
46865	1
46866	1
46867	1
46868	1
46869	0
46870	0
46871	0
46872	0
46873	0
46874	0
46875	0
46876	0
46877	0
46878	0
46879	0
46880	0
46881	0
46938	0
46939	0
46940	0
46941	0
46942	1
46943	1
46944	1
46945	1
46946	1
46947	1
46948	1
46949	1
46950	0
46951	0
46952	0
46953	0
46954	0
46955	0
46956	0
46957	0
46958	0
46959	0
46960	0
46961	0
46962	0
47019	0
47020	0
47021	0
47022	0
47023	1
47024	1
47025	1
47026	1
47027	1
47028	1
47029	1
47030	1
47031	0
47032	0
47033	0
47034	0
47035	0
47036	0
47037	0
47038	0
47039	0
47040	0
47041	0
47042	0
47043	0
47100	0
47101	0
47102	0
47103	0
47104	0
47105	1
47106	1
47107	1
47108	1
47109	1
47110	1
47111	1
47112	1
47113	0
47114	0
47115	0
47116	0
47117	0
47118	0
47119	0
47120	0
47121	0
47122	0
47123	0
47124	0
47182	0
47183	0
47184	0
47185	0
47186	1
47187	1
47188	1
47189	1
47190	1
47191	1
47192	1
47193	1
47194	0
47195	0
47196	0
47197	0
47198	0
47199	0
47200	0
47201	0
47202	0
47203	0
47204	0
47205	0
47206	0
47263	0
47264	0
47265	0
47266	1
47267	1
47268	1
47269	1
47270	1
47271	1
47272	1
47273	1
47274	1
47275	0
47276	0
47277	0
47278	0
47279	0
47280	0
47281	0
47282	0
47283	0
47284	0
47285	0
47286	0
47345	0
47346	0
47347	0
47348	1
47349	1
47350	1
47351	1
47352	1
47353	1
47354	1
47355	1
47356	1
47357	0
47358	0
47359	0
47360	0
47361	0
47362	0
47363	0
47364	0
47365	0
47366	0
47367	0
47368	0
47426	0
47427	0
47428	0
47429	1
47430	1
47431	1
47432	1
47433	1
47434	1
47435	1
47436	1
47437	1
47438	0
47439	0
47440	0
47441	0
47442	0
47443	0
47444	0
47445	0
47446	0
47447	0
47448	0
47449	0
47450	0
47507	0
47508	0
47509	0
47510	1
47511	1
47512	1
47513	1
47514	1
47515	1
47516	1
47517	1
47518	1
47519	0
47520	0
47521	0
47522	0
47523	0
47524	0
47525	0
47526	0
47527	0
47528	0
47529	0
47530	0
47589	0
47590	0
47591	1
47592	1
47593	1
47594	1
47595	1
47596	1
47597	1
47598	1
47599	1
47600	1
47601	0
47602	0
47603	0
47604	0
47605	0
47606	0
47607	0
47608	0
47609	0
47610	0
47611	0
47612	0
47670	0
47671	0
47672	1
47673	1
47674	1
47675	1
47676	1
47677	1
47678	1
47679	1
47680	1
47681	1
47682	0
47683	0
47684	0
47685	0
47686	0
47687	0
47688	0
47689	0
47690	0
47691	0
47692	0
47693	0
47751	0
47752	0
47753	1
47754	1
47755	1
47756	1
47757	1
47758	1
47759	1
47760	1
47761	1
47762	1
47763	0
47764	0
47765	0
47766	0
47767	0
47768	0
47769	0
47770	0
47771	0
47772	0
47773	0
47774	0
47833	0
47834	0
47835	1
47836	1
47837	1
47838	1
47839	1
47840	1
47841	1
47842	1
47843	1
47844	1
47845	0
47846	0
47847	0
47848	0
47849	0
47850	0
47851	0
47852	0
47853	0
47854	0
47855	0
47856	0
47914	0
47915	0
47916	1
47917	1
47918	1
47919	1
47920	1
47921	1
47922	1
47923	1
47924	1
47925	1
47926	0
47927	0
47928	0
47929	0
47930	0
47931	0
47932	0
47933	0
47934	0
47935	0
47936	0
47937	0
47994	0
47995	0
47996	1
47997	1
47998	1
47999	1
48000	1
48001	1
48002	1
48003	1
48004	1
48005	1
48006	1
48007	0
48008	0
48009	0
48010	0
48011	0
48012	0
48013	0
48014	0
48015	0
48016	0
48017	0
48018	0
48076	0
48077	0
48078	1
48079	1
48080	1
48081	1
48082	1
48083	1
48084	1
48085	1
48086	1
48087	1
48088	1
48089	0
48090	0
48091	0
48092	0
48093	0
48094	0
48095	0
48096	0
48097	0
48098	0
48099	0
48100	0
48157	0
48158	0
48159	1
48160	1
48161	1
48162	1
48163	1
48164	1
48165	1
48166	1
48167	1
48168	1
48169	1
48170	0
48171	0
48172	0
48173	0
48174	0
48175	0
48176	0
48177	0
48178	0
48179	0
48180	0
48181	0
48238	0
48239	0
48240	1
48241	1
48242	1
48243	1
48244	1
48245	1
48246	1
48247	1
48248	1
48249	1
48250	1
48251	0
48252	0
48253	0
48254	0
48255	0
48256	0
48257	0
48258	0
48259	0
48260	0
48261	0
48262	0
48319	0
48320	0
48321	0
48322	1
48323	1
48324	1
48325	1
48326	1
48327	1
48328	1
48329	1
48330	1
48331	1
48332	1
48333	0
48334	0
48335	0
48336	0
48337	0
48338	0
48339	0
48340	0
48341	0
48342	0
48343	0
48344	0
48400	0
48401	0
48402	0
48403	1
48404	1
48405	1
48406	1
48407	1
48408	1
48409	1
48410	1
48411	1
48412	1
48413	1
48414	0
48415	0
48416	0
48417	0
48418	0
48419	0
48420	0
48421	0
48422	0
48423	0
48424	0
48425	0
48480	0
48481	0
48482	0
48483	0
48484	1
48485	1
48486	1
48487	1
48488	1
48489	1
48490	1
48491	1
48492	1
48493	1
48494	1
48495	0
48496	0
48497	0
48498	0
48499	0
48500	0
48501	0
48502	0
48503	0
48504	0
48505	0
48506	0
48560	0
48561	0
48562	0
48563	0
48564	0
48565	0
48566	1
48567	1
48568	1
48569	1
48570	1
48571	1
48572	1
48573	1
48574	1
48575	1
48576	0
48577	0
48578	0
48579	0
48580	0
48581	0
48582	0
48583	0
48584	0
48585	0
48586	0
48587	0
48588	0
48641	0
48642	0
48643	0
48644	0
48645	0
48646	0
48647	1
48648	1
48649	1
48650	1
48651	1
48652	1
48653	1
48654	1
48655	1
48656	1
48657	0
48658	0
48659	0
48660	0
48661	0
48662	0
48663	0
48664	0
48665	0
48666	0
48667	0
48668	0
48669	0
48720	0
48721	0
48722	0
48723	0
48724	0
48725	0
48726	0
48727	0
48728	1
48729	1
48730	1
48731	1
48732	1
48733	1
48734	1
48735	1
48736	1
48737	1
48738	0
48739	0
48740	0
48741	0
48742	0
48743	0
48744	0
48745	0
48746	0
48747	0
48748	0
48749	0
48750	0
48801	0
48802	0
48803	0
48804	0
48805	0
48806	0
48807	0
48808	0
48809	0
48810	1
48811	1
48812	1
48813	1
48814	1
48815	1
48816	1
48817	1
48818	1
48819	1
48820	0
48821	0
48822	0
48823	0
48824	0
48825	0
48826	0
48827	0
48828	0
48829	0
48830	0
48831	0
48832	0
48883	0
48884	0
48885	0
48886	0
48887	0
48888	0
48889	0
48890	0
48891	1
48892	1
48893	1
48894	1
48895	1
48896	1
48897	1
48898	1
48899	1
48900	1
48901	0
48902	0
48903	0
48904	0
48905	0
48906	0
48907	0
48908	0
48909	0
48910	0
48911	0
48912	0
48913	0
48963	0
48964	0
48965	0
48966	0
48967	0
48968	0
48969	0
48970	0
48971	0
48972	1
48973	1
48974	1
48975	1
48976	1
48977	1
48978	1
48979	1
48980	1
48981	1
48982	0
48983	0
48984	0
48985	0
48986	0
48987	0
48988	0
48989	0
48990	0
48991	0
48992	0
48993	0
48994	0
49044	0
49045	0
49046	0
49047	0
49048	0
49049	0
49050	0
49051	0
49052	0
49053	0
49054	1
49055	1
49056	1
49057	1
49058	1
49059	1
49060	1
49061	1
49062	1
49063	1
49064	0
49065	0
49066	0
49067	0
49068	0
49069	0
49070	0
49071	0
49072	0
49073	0
49074	0
49075	0
49126	0
49127	0
49128	0
49129	0
49130	0
49131	0
49132	0
49133	0
49134	0
49135	1
49136	1
49137	1
49138	1
49139	1
49140	1
49141	1
49142	1
49143	1
49144	1
49145	0
49146	0
49147	0
49148	0
49149	0
49150	0
49151	0
49152	0
49153	0
49154	0
49155	0
49156	0
49157	0
49206	0
49207	0
49208	0
49209	0
49210	0
49211	0
49212	0
49213	0
49214	0
49215	0
49216	1
49217	1
49218	1
49219	1
49220	1
49221	1
49222	1
49223	1
49224	1
49225	1
49226	0
49227	0
49228	0
49229	0
49230	0
49231	0
49232	0
49233	0
49234	0
49235	0
49236	0
49237	0
49287	0
49288	0
49289	0
49290	0
49291	0
49292	0
49293	0
49294	0
49295	0
49296	0
49297	0
49298	1
49299	1
49300	1
49301	1
49302	1
49303	1
49304	1
49305	1
49306	1
49307	0
49308	0
49309	0
49310	0
49311	0
49312	0
49313	0
49314	0
49315	0
49316	0
49317	0
49318	0
49319	0
49369	0
49370	0
49371	0
49372	0
49373	0
49374	0
49375	0
49376	0
49377	0
49378	0
49379	1
49380	1
49381	1
49382	1
49383	1
49384	1
49385	1
49386	1
49387	1
49388	1
49389	0
49390	0
49391	0
49392	0
49393	0
49394	0
49395	0
49396	0
49397	0
49398	0
49399	0
49400	0
49449	0
49450	0
49451	0
49452	0
49453	0
49454	0
49455	0
49456	0
49457	0
49458	0
49459	0
49460	1
49461	1
49462	1
49463	1
49464	1
49465	1
49466	1
49467	1
49468	1
49469	1
49470	0
49471	0
49472	0
49473	0
49474	0
49475	0
49476	0
49477	0
49478	0
49479	0
49480	0
49481	0
49531	0
49532	0
49533	0
49534	0
49535	0
49536	0
49537	0
49538	0
49539	0
49540	0
49541	0
49542	1
49543	1
49544	1
49545	1
49546	1
49547	1
49548	1
49549	1
49550	1
49551	0
49552	0
49553	0
49554	0
49555	0
49556	0
49557	0
49558	0
49559	0
49560	0
49561	0
49562	0
49612	0
49613	0
49614	0
49615	0
49616	0
49617	0
49618	0
49619	0
49620	0
49621	0
49622	0
49623	1
49624	1
49625	1
49626	1
49627	1
49628	1
49629	1
49630	1
49631	1
49632	1
49633	0
49634	0
49635	0
49636	0
49637	0
49638	0
49639	0
49640	0
49641	0
49642	0
49643	0
49644	0
49693	0
49694	0
49695	0
49696	0
49697	0
49698	0
49699	0
49700	0
49701	0
49702	0
49703	0
49704	1
49705	1
49706	1
49707	1
49708	1
49709	1
49710	1
49711	1
49712	1
49713	1
49714	0
49715	0
49716	0
49717	0
49718	0
49719	0
49720	0
49721	0
49722	0
49723	0
49724	0
49725	0
49774	0
49775	0
49776	0
49777	0
49778	0
49779	0
49780	0
49781	0
49782	0
49783	0
49784	0
49785	0
49786	1
49787	1
49788	1
49789	1
49790	1
49791	1
49792	1
49793	1
49794	1
49795	0
49796	0
49797	0
49798	0
49799	0
49800	0
49801	0
49802	0
49803	0
49804	0
49805	0
49806	0
49855	0
49856	0
49857	0
49858	0
49859	0
49860	0
49861	0
49862	0
49863	0
49864	0
49865	0
49866	0
49867	1
49868	1
49869	1
49870	1
49871	1
49872	1
49873	1
49874	1
49875	1
49876	1
49877	0
49878	0
49879	0
49880	0
49881	0
49882	0
49883	0
49884	0
49885	0
49886	0
49887	0
49888	0
49936	0
49937	0
49938	0
49939	0
49940	0
49941	0
49942	0
49943	0
49944	0
49945	0
49946	0
49947	0
49948	1
49949	1
49950	1
49951	1
49952	1
49953	1
49954	1
49955	1
49956	1
49957	1
49958	0
49959	0
49960	0
49961	0
49962	0
49963	0
49964	0
49965	0
49966	0
49967	0
49968	0
49969	0
50017	0
50018	0
50019	0
50020	0
50021	0
50022	0
50023	0
50024	0
50025	0
50026	0
50027	0
50028	0
50029	0
50030	1
50031	1
50032	1
50033	1
50034	1
50035	1
50036	1
50037	1
50038	1
50039	0
50040	0
50041	0
50042	0
50043	0
50044	0
50045	0
50046	0
50047	0
50048	0
50049	0
50050	0
50099	0
50100	0
50101	0
50102	0
50103	0
50104	0
50105	0
50106	0
50107	0
50108	0
50109	0
50110	0
50111	1
50112	1
50113	1
50114	1
50115	1
50116	1
50117	1
50118	1
50119	1
50120	1
50121	0
50122	0
50123	0
50124	0
50125	0
50126	0
50127	0
50128	0
50129	0
50130	0
50131	0
50132	0
50179	0
50180	0
50181	0
50182	0
50183	0
50184	0
50185	0
50186	0
50187	0
50188	0
50189	0
50190	0
50191	0
50192	1
50193	1
50194	1
50195	1
50196	1
50197	1
50198	1
50199	1
50200	1
50201	1
50202	0
50203	0
50204	0
50205	0
50206	0
50207	0
50208	0
50209	0
50210	0
50211	0
50212	0
50213	0
50260	0
50261	0
50262	0
50263	0
50264	0
50265	0
50266	0
50267	0
50268	0
50269	0
50270	0
50271	0
50272	0
50273	0
50274	1
50275	1
50276	1
50277	1
50278	1
50279	1
50280	1
50281	1
50282	1
50283	0
50284	0
50285	0
50286	0
50287	0
50288	0
50289	0
50290	0
50291	0
50292	0
50293	0
50294	0
50342	0
50343	0
50344	0
50345	0
50346	0
50347	0
50348	0
50349	0
50350	0
50351	0
50352	0
50353	0
50354	0
50355	1
50356	1
50357	1
50358	1
50359	1
50360	1
50361	1
50362	1
50363	1
50364	1
50365	0
50366	0
50367	0
50368	0
50369	0
50370	0
50371	0
50372	0
50373	0
50374	0
50375	0
50376	0
50422	0
50423	0
50424	0
50425	0
50426	0
50427	0
50428	0
50429	0
50430	0
50431	0
50432	0
50433	0
50434	0
50435	0
50436	1
50437	1
50438	1
50439	1
50440	1
50441	1
50442	1
50443	1
50444	1
50445	1
50446	0
50447	0
50448	0
50449	0
50450	0
50451	0
50452	0
50453	0
50454	0
50455	0
50456	0
50457	0
50503	0
50504	0
50505	0
50506	0
50507	0
50508	0
50509	0
50510	0
50511	0
50512	0
50513	0
50514	0
50515	0
50516	0
50517	0
50518	1
50519	1
50520	1
50521	1
50522	1
50523	1
50524	1
50525	1
50526	1
50527	0
50528	0
50529	0
50530	0
50531	0
50532	0
50533	0
50534	0
50535	0
50536	0
50537	0
50538	0
50539	0
50584	0
50585	0
50586	0
50587	0
50588	0
50589	0
50590	0
50591	0
50592	0
50593	0
50594	0
50595	0
50596	0
50597	0
50598	0
50599	1
50600	1
50601	1
50602	1
50603	1
50604	1
50605	1
50606	1
50607	1
50608	0
50609	0
50610	0
50611	0
50612	0
50613	0
50614	0
50615	0
50616	0
50617	0
50618	0
50619	0
50620	0
50665	0
50666	0
50667	0
50668	0
50669	0
50670	0
50671	0
50672	0
50673	0
50674	0
50675	0
50676	0
50677	0
50678	0
50679	0
50680	1
50681	1
50682	1
50683	1
50684	1
50685	1
50686	1
50687	1
50688	1
50689	0
50690	0
50691	0
50692	0
50693	0
50694	0
50695	0
50696	0
50697	0
50698	0
50699	0
50700	0
50701	0
50746	0
50747	0
50748	0
50749	0
50750	0
50751	0
50752	0
50753	0
50754	0
50755	0
50756	0
50757	0
50758	0
50759	0
50760	0
50761	0
50762	1
50763	1
50764	1
50765	1
50766	1
50767	1
50768	1
50769	1
50770	0
50771	0
50772	0
50773	0
50774	0
50775	0
50776	0
50777	0
50778	0
50779	0
50780	0
50781	0
50782	0
50783	0
50827	0
50828	0
50829	0
50830	0
50831	0
50832	0
50833	0
50834	0
50835	0
50836	0
50837	0
50838	0
50839	0
50840	0
50841	0
50842	0
50843	1
50844	1
50845	1
50846	1
50847	1
50848	1
50849	1
50850	1
50851	1
50852	0
50853	0
50854	0
50855	0
50856	0
50857	0
50858	0
50859	0
50860	0
50861	0
50862	0
50863	0
50864	0
50908	0
50909	0
50910	0
50911	0
50912	0
50913	0
50914	0
50915	0
50916	0
50917	0
50918	0
50919	0
50920	0
50921	0
50922	0
50923	0
50924	1
50925	1
50926	1
50927	1
50928	1
50929	1
50930	1
50931	1
50932	1
50933	0
50934	0
50935	0
50936	0
50937	0
50938	0
50939	0
50940	0
50941	0
50942	0
50943	0
50944	0
50945	0
50989	0
50990	0
50991	0
50992	0
50993	0
50994	0
50995	0
50996	0
50997	0
50998	0
50999	0
51000	0
51001	0
51002	0
51003	0
51004	0
51005	0
51006	1
51007	1
51008	1
51009	1
51010	1
51011	1
51012	1
51013	1
51014	0
51015	0
51016	0
51017	0
51018	0
51019	0
51020	0
51021	0
51022	0
51023	0
51024	0
51025	0
51026	0
51027	0
51070	0
51071	0
51072	0
51073	0
51074	0
51075	0
51076	0
51077	0
51078	0
51079	0
51080	0
51081	0
51082	0
51083	0
51084	0
51085	0
51086	0
51087	1
51088	1
51089	1
51090	1
51091	1
51092	1
51093	1
51094	1
51095	1
51096	0
51097	0
51098	0
51099	0
51100	0
51101	0
51102	0
51103	0
51104	0
51105	0
51106	0
51107	0
51108	0
51151	0
51152	0
51153	0
51154	0
51155	0
51156	0
51157	0
51158	0
51159	0
51160	0
51161	0
51162	0
51163	0
51164	0
51165	0
51166	0
51167	0
51168	1
51169	1
51170	1
51171	1
51172	1
51173	1
51174	1
51175	1
51176	0
51177	0
51178	0
51179	0
51180	0
51181	0
51182	0
51183	0
51184	0
51185	0
51186	0
51187	0
51188	0
51189	0
51231	0
51232	0
51233	0
51234	0
51235	0
51236	0
51237	0
51238	0
51239	0
51240	0
51241	0
51242	0
51243	0
51244	0
51245	0
51246	0
51247	0
51248	0
51249	0
51250	1
51251	1
51252	1
51253	1
51254	1
51255	1
51256	1
51257	1
51258	0
51259	0
51260	0
51261	0
51262	0
51263	0
51264	0
51265	0
51266	0
51267	0
51268	0
51269	0
51270	0
51271	0
51312	0
51313	0
51314	0
51315	0
51316	0
51317	0
51318	0
51319	0
51320	0
51321	0
51322	0
51323	0
51324	0
51325	0
51326	0
51327	0
51328	0
51329	0
51330	0
51331	1
51332	1
51333	1
51334	1
51335	1
51336	1
51337	1
51338	1
51339	1
51340	0
51341	0
51342	0
51343	0
51344	0
51345	0
51346	0
51347	0
51348	0
51349	0
51350	0
51351	0
51352	0
51353	0
51392	0
51393	0
51394	0
51395	0
51396	0
51397	0
51398	0
51399	0
51400	0
51401	0
51402	0
51403	0
51404	0
51405	0
51406	0
51407	0
51408	0
51409	0
51410	0
51411	0
51412	1
51413	1
51414	1
51415	1
51416	1
51417	1
51418	1
51419	1
51420	0
51421	0
51422	0
51423	0
51424	0
51425	0
51426	0
51427	0
51428	0
51429	0
51430	0
51431	0
51432	0
51433	0
51474	0
51475	0
51476	0
51477	0
51478	0
51479	0
51480	0
51481	0
51482	0
51483	0
51484	0
51485	0
51486	0
51487	0
51488	0
51489	0
51490	0
51491	0
51492	0
51493	0
51494	1
51495	1
51496	1
51497	1
51498	1
51499	1
51500	1
51501	1
51502	0
51503	0
51504	0
51505	0
51506	0
51507	0
51508	0
51509	0
51510	0
51511	0
51512	0
51513	0
51514	0
51515	0
51555	0
51556	0
51557	0
51558	0
51559	0
51560	0
51561	0
51562	0
51563	0
51564	0
51565	0
51566	0
51567	0
51568	0
51569	0
51570	0
51571	0
51572	0
51573	0
51574	0
51575	1
51576	1
51577	1
51578	1
51579	1
51580	1
51581	1
51582	1
51583	1
51584	0
51585	0
51586	0
51587	0
51588	0
51589	0
51590	0
51591	0
51592	0
51593	0
51594	0
51595	0
51596	0
51597	0
51635	0
51636	0
51637	0
51638	0
51639	0
51640	0
51641	0
51642	0
51643	0
51644	0
51645	0
51646	0
51647	0
51648	0
51649	0
51650	0
51651	0
51652	0
51653	0
51654	0
51655	0
51656	1
51657	1
51658	1
51659	1
51660	1
51661	1
51662	1
51663	1
51664	0
51665	0
51666	0
51667	0
51668	0
51669	0
51670	0
51671	0
51672	0
51673	0
51674	0
51675	0
51676	0
51677	0
51717	0
51718	0
51719	0
51720	0
51721	0
51722	0
51723	0
51724	0
51725	0
51726	0
51727	0
51728	0
51729	0
51730	0
51731	0
51732	0
51733	0
51734	0
51735	0
51736	0
51737	0
51738	1
51739	1
51740	1
51741	1
51742	1
51743	1
51744	1
51745	1
51746	0
51747	0
51748	0
51749	0
51750	0
51751	0
51752	0
51753	0
51754	0
51755	0
51756	0
51757	0
51758	0
51759	0
51794	0
51795	0
51798	0
51799	0
51800	0
51801	0
51802	0
51803	0
51804	0
51805	0
51806	0
51807	0
51808	0
51809	0
51810	0
51811	0
51812	0
51813	0
51814	0
51815	0
51816	0
51817	0
51818	0
51819	1
51820	1
51821	1
51822	1
51823	1
51824	1
51825	1
51826	1
51827	1
51828	0
51829	0
51830	0
51831	0
51832	0
51833	0
51834	0
51835	0
51836	0
51837	0
51838	0
51839	0
51840	0
51873	1
51874	0
51875	0
51876	0
51877	0
51878	0
51879	0
51880	0
51881	0
51882	0
51883	0
51884	0
51885	0
51886	0
51887	0
51888	0
51889	0
51890	0
51891	0
51892	0
51893	0
51894	0
51895	0
51896	0
51897	0
51898	0
51899	0
51900	1
51901	1
51902	1
51903	1
51904	1
51905	1
51906	1
51907	1
51908	0
51909	0
51910	0
51911	0
51912	0
51913	0
51914	0
51915	0
51916	0
51917	0
51918	0
51919	0
51920	0
51921	0
51954	1
51955	0
51956	0
51957	0
51958	0
51959	0
51960	0
51961	0
51962	0
51963	0
51964	0
51965	0
51966	0
51967	0
51968	0
51969	0
51970	0
51971	0
51972	0
51973	0
51974	0
51975	0
51976	0
51977	0
51978	0
51979	0
51980	0
51981	0
51982	1
51983	1
51984	1
51985	1
51986	1
51987	1
51988	1
51989	1
51990	0
51991	0
51992	0
51993	0
51994	0
51995	0
51996	0
51997	0
51998	0
51999	0
52000	0
52001	0
52002	0
52035	1
52036	1
52037	0
52038	0
52039	0
52040	0
52041	0
52042	0
52043	0
52044	0
52045	0
52046	0
52047	0
52048	0
52049	0
52050	0
52051	0
52052	0
52053	0
52054	0
52055	0
52056	0
52057	0
52058	0
52059	0
52060	0
52061	0
52062	0
52063	1
52064	1
52065	1
52066	1
52067	1
52068	1
52069	1
52070	1
52071	1
52072	0
52073	0
52074	0
52075	0
52076	0
52077	0
52078	0
52079	0
52080	0
52081	0
52082	0
52083	0
52084	0
52115	1
52116	1
52117	1
52118	1
52119	0
52120	0
52121	0
52122	0
52123	0
52124	0
52125	0
52126	0
52127	0
52128	0
52129	0
52130	0
52131	0
52132	0
52133	0
52134	0
52135	0
52136	0
52137	0
52138	0
52139	0
52140	0
52141	0
52142	0
52143	0
52144	1
52145	1
52146	1
52147	1
52148	1
52149	1
52150	1
52151	1
52152	1
52153	0
52154	0
52155	0
52156	0
52157	0
52158	0
52159	0
52160	0
52161	0
52162	0
52163	0
52164	0
52196	1
52197	1
52198	1
52199	1
52200	0
52201	0
52202	0
52203	0
52204	0
52205	0
52206	0
52207	0
52208	0
52209	0
52210	0
52211	0
52212	0
52213	0
52214	0
52215	0
52216	0
52217	0
52218	0
52219	0
52220	0
52221	0
52222	0
52223	0
52224	0
52225	0
52226	1
52227	1
52228	1
52229	1
52230	1
52231	1
52232	1
52233	1
52234	0
52235	0
52236	0
52237	0
52238	0
52239	0
52240	0
52241	0
52242	0
52243	0
52244	0
52245	0
52246	0
52277	1
52278	1
52279	1
52280	1
52281	1
52282	0
52283	0
52284	0
52285	0
52286	0
52287	0
52288	0
52289	0
52290	0
52291	0
52292	0
52293	0
52294	0
52295	0
52296	0
52297	0
52298	0
52299	0
52300	0
52301	0
52302	0
52303	0
52304	0
52305	0
52306	0
52307	1
52308	1
52309	1
52310	1
52311	1
52312	1
52313	1
52314	1
52315	1
52316	0
52317	0
52318	0
52319	0
52320	0
52321	0
52322	0
52323	0
52324	0
52325	0
52326	0
52327	0
52357	1
52358	1
52359	1
52360	1
52361	1
52362	1
52363	0
52364	0
52365	0
52366	0
52367	0
52368	0
52369	0
52370	0
52371	0
52372	0
52373	0
52374	0
52375	0
52376	0
52377	0
52378	0
52379	0
52380	0
52381	0
52382	0
52383	0
52384	0
52385	0
52386	0
52387	0
52388	1
52389	1
52390	1
52391	1
52392	1
52393	1
52394	1
52395	1
52396	1
52397	0
52398	0
52399	0
52400	0
52401	0
52402	0
52403	0
52404	0
52405	0
52406	0
52407	0
52408	0
52439	1
52440	1
52441	1
52442	1
52443	1
52444	0
52445	0
52446	0
52447	0
52448	0
52449	0
52450	0
52451	0
52452	0
52453	0
52454	0
52455	0
52456	0
52457	0
52458	0
52459	0
52460	0
52461	0
52462	0
52463	0
52464	0
52465	0
52466	0
52467	0
52468	0
52469	0
52470	1
52471	1
52472	1
52473	1
52474	1
52475	1
52476	1
52477	1
52478	0
52479	0
52480	0
52481	0
52482	0
52483	0
52484	0
52485	0
52486	0
52487	0
52488	0
52489	0
52520	1
52521	1
52522	1
52523	1
52524	1
52525	1
52526	1
52527	0
52528	0
52529	0
52530	0
52531	0
52532	0
52533	0
52534	0
52535	0
52536	0
52537	0
52538	0
52539	0
52540	0
52541	0
52542	0
52543	0
52544	0
52545	0
52546	0
52547	0
52548	0
52549	0
52550	0
52551	1
52552	1
52553	1
52554	1
52555	1
52556	1
52557	1
52558	1
52559	1
52560	0
52561	0
52562	0
52563	0
52564	0
52565	0
52566	0
52567	0
52568	0
52569	0
52570	0
52601	1
52602	1
52603	1
52604	1
52605	1
52606	1
52607	1
52608	0
52609	0
52610	0
52611	0
52612	0
52613	0
52614	0
52615	0
52616	0
52617	0
52618	0
52619	0
52620	0
52621	0
52622	0
52623	0
52624	0
52625	0
52626	0
52627	0
52628	0
52629	0
52630	0
52631	0
52632	1
52633	1
52634	1
52635	1
52636	1
52637	1
52638	1
52639	1
52640	1
52641	0
52642	0
52643	0
52644	0
52645	0
52646	0
52647	0
52648	0
52649	0
52650	0
52651	0
52682	1
52683	1
52684	1
52685	1
52686	1
52687	1
52688	1
52689	0
52690	0
52691	0
52692	0
52693	0
52694	0
52695	0
52696	0
52697	0
52698	0
52699	0
52700	0
52701	0
52702	0
52703	0
52704	0
52705	0
52706	0
52707	0
52708	0
52709	0
52710	0
52711	0
52712	0
52713	1
52714	1
52715	1
52716	1
52717	1
52718	1
52719	1
52720	1
52721	1
52722	0
52723	0
52724	0
52725	0
52726	0
52727	0
52728	0
52729	0
52730	0
52731	0
52732	0
52763	1
52764	1
52765	1
52766	1
52767	1
52768	1
52769	1
52770	1
52771	0
52772	0
52773	0
52774	0
52775	0
52776	0
52777	0
52778	0
52779	0
52780	0
52781	0
52782	0
52783	0
52784	0
52785	0
52786	0
52787	0
52788	0
52789	0
52790	0
52791	0
52792	0
52793	0
52794	1
52795	1
52796	1
52797	1
52798	1
52799	1
52800	1
52801	1
52802	1
52803	1
52804	0
52805	0
52806	0
52807	0
52808	0
52809	0
52810	0
52811	0
52812	0
52813	0
52844	1
52845	1
52846	1
52847	1
52848	1
52849	1
52850	1
52851	1
52852	0
52853	0
52854	0
52855	0
52856	0
52857	0
52858	0
52859	0
52860	0
52861	0
52862	0
52863	0
52864	0
52865	0
52866	0
52867	0
52868	0
52869	0
52870	0
52871	0
52872	0
52873	0
52874	0
52875	1
52876	1
52877	1
52878	1
52879	1
52880	1
52881	1
52882	1
52883	1
52884	1
52885	0
52886	0
52887	0
52888	0
52889	0
52890	0
52891	0
52892	0
52893	0
52894	0
52925	1
52926	1
52927	1
52928	1
52929	1
52930	1
52931	1
52932	1
52933	0
52934	0
52935	0
52936	0
52937	0
52938	0
52939	0
52940	0
52941	0
52942	0
52943	0
52944	0
52945	0
52946	0
52947	0
52948	0
52949	0
52950	0
52951	0
52952	0
52953	0
52954	0
52955	0
52956	0
52957	1
52958	1
52959	1
52960	1
52961	1
52962	1
52963	1
52964	1
52965	1
52966	1
52967	0
52968	0
52969	0
52970	0
52971	0
52972	0
52973	0
52974	0
52975	0
53006	1
53007	1
53008	1
53009	1
53010	1
53011	1
53012	1
53013	1
53014	1
53015	0
53016	0
53017	0
53018	0
53019	0
53020	0
53021	0
53022	0
53023	0
53024	0
53025	0
53026	0
53027	0
53028	0
53029	0
53030	0
53031	0
53032	0
53033	0
53034	0
53035	0
53036	0
53037	0
53038	1
53039	1
53040	1
53041	1
53042	1
53043	1
53044	1
53045	1
53046	1
53047	1
53048	0
53049	0
53050	0
53051	0
53052	0
53053	0
53054	0
53055	0
53056	0
53086	1
53087	1
53088	1
53089	1
53090	1
53091	1
53092	1
53093	1
53094	1
53095	1
53096	0
53097	0
53098	0
53099	0
53100	0
53101	0
53102	0
53103	0
53104	0
53105	0
53106	0
53107	0
53108	0
53109	0
53110	0
53111	0
53112	0
53113	0
53114	0
53115	0
53116	0
53117	0
53118	0
53119	1
53120	1
53121	1
53122	1
53123	1
53124	1
53125	1
53126	1
53127	1
53128	1
53129	0
53130	0
53131	0
53132	0
53133	0
53134	0
53135	0
53136	0
53137	0
53168	1
53169	1
53170	1
53171	1
53172	1
53173	1
53174	1
53175	1
53176	1
53177	0
53178	0
53179	0
53180	0
53181	0
53182	0
53183	0
53184	0
53185	0
53186	0
53187	0
53188	0
53189	0
53190	0
53191	0
53192	0
53193	0
53194	0
53195	0
53196	0
53197	0
53198	0
53199	0
53200	0
53201	1
53202	1
53203	1
53204	1
53205	1
53206	1
53207	1
53208	1
53209	1
53210	1
53211	0
53212	0
53213	0
53214	0
53215	0
53216	0
53217	0
53218	0
53249	1
53250	1
53251	1
53252	1
53253	1
53254	1
53255	1
53256	1
53257	1
53258	1
53259	0
53260	0
53261	0
53262	0
53263	0
53264	0
53265	0
53266	0
53267	0
53268	0
53269	0
53270	0
53271	0
53272	0
53273	0
53274	0
53275	0
53276	0
53277	0
53278	0
53279	0
53280	0
53281	0
53282	1
53283	1
53284	1
53285	1
53286	1
53287	1
53288	1
53289	1
53290	1
53291	1
53292	0
53293	0
53294	0
53295	0
53296	0
53297	0
53298	0
53299	0
53329	1
53330	1
53331	1
53332	1
53333	1
53334	1
53335	1
53336	1
53337	1
53338	1
53339	1
53340	0
53341	0
53342	0
53343	0
53344	0
53345	0
53346	0
53347	0
53348	0
53349	0
53350	0
53351	0
53352	0
53353	0
53354	0
53355	0
53356	0
53357	0
53358	0
53359	0
53360	0
53361	0
53362	0
53363	1
53364	1
53365	1
53366	1
53367	1
53368	1
53369	1
53370	1
53371	1
53372	1
53373	0
53374	0
53375	0
53376	0
53377	0
53378	0
53379	0
53380	0
53411	1
53412	1
53413	1
53414	1
53415	1
53416	1
53417	1
53418	1
53419	1
53420	1
53421	0
53422	0
53423	0
53424	0
53425	0
53426	0
53427	0
53428	0
53429	0
53430	0
53431	0
53432	0
53433	0
53434	0
53435	0
53436	0
53437	0
53438	0
53439	0
53440	0
53441	0
53442	0
53443	0
53444	1
53445	1
53446	1
53447	1
53448	1
53449	1
53450	1
53451	1
53452	1
53453	1
53454	0
53455	0
53456	0
53457	0
53458	0
53459	0
53460	0
53461	0
53492	1
53493	1
53494	1
53495	1
53496	1
53497	1
53498	1
53499	1
53500	1
53501	1
53502	1
53503	0
53504	0
53505	0
53506	0
53507	0
53508	0
53509	0
53510	0
53511	0
53512	0
53513	0
53514	0
53515	0
53516	0
53517	0
53518	0
53519	0
53520	0
53521	0
53522	0
53523	0
53524	0
53525	1
53526	1
53527	1
53528	1
53529	1
53530	1
53531	1
53532	1
53533	1
53534	1
53535	0
53536	0
53537	0
53538	0
53539	0
53540	0
53541	0
53542	0
53572	1
53573	1
53574	1
53575	1
53576	1
53577	1
53578	1
53579	1
53580	1
53581	1
53582	1
53583	1
53584	0
53585	0
53586	0
53587	0
53588	0
53589	0
53590	0
53591	0
53592	0
53593	0
53594	0
53595	0
53596	0
53597	0
53598	0
53599	0
53600	0
53601	0
53602	0
53603	0
53604	0
53605	0
53606	1
53607	1
53608	1
53609	1
53610	1
53611	1
53612	1
53613	1
53614	1
53615	1
53616	0
53617	0
53618	0
53619	0
53620	0
53621	0
53622	0
53623	0
53653	1
53654	1
53655	1
53656	1
53657	1
53658	1
53659	1
53660	1
53661	1
53662	1
53663	1
53664	1
53665	1
53666	0
53667	0
53668	0
53669	0
53670	0
53671	0
53672	0
53673	0
53674	0
53675	0
53676	0
53677	0
53678	0
53679	0
53680	0
53681	0
53682	0
53683	0
53684	0
53685	0
53686	0
53687	0
53688	1
53689	1
53690	1
53691	1
53692	1
53693	1
53694	1
53695	1
53696	1
53697	1
53698	0
53699	0
53700	0
53701	0
53702	0
53703	0
53704	0
53734	1
53735	1
53736	1
53737	1
53738	1
53739	1
53740	1
53741	1
53742	1
53743	1
53744	1
53745	1
53746	1
53747	0
53748	0
53749	0
53750	0
53751	0
53752	0
53753	0
53754	0
53755	0
53756	0
53757	0
53758	0
53759	0
53760	0
53761	0
53762	0
53763	0
53764	0
53765	0
53766	0
53767	0
53768	0
53769	1
53770	1
53771	1
53772	1
53773	1
53774	1
53775	1
53776	1
53777	1
53778	1
53779	0
53780	0
53781	0
53782	0
53783	0
53784	0
53785	0
53814	1
53815	1
53816	1
53817	1
53818	1
53819	1
53820	1
53821	1
53822	1
53823	1
53824	1
53825	1
53826	1
53827	1
53828	0
53829	0
53830	0
53831	0
53832	0
53833	0
53834	0
53835	0
53836	0
53837	0
53838	0
53839	0
53840	0
53841	0
53842	0
53843	0
53844	0
53845	0
53846	0
53847	0
53848	0
53849	0
53850	1
53851	1
53852	1
53853	1
53854	1
53855	1
53856	1
53857	1
53858	1
53859	1
53860	0
53861	0
53862	0
53863	0
53864	0
53865	0
53866	0
53895	1
53896	1
53897	1
53898	1
53899	1
53900	1
53901	1
53902	1
53903	1
53904	1
53905	1
53906	1
53907	1
53908	1
53909	1
53910	0
53911	0
53912	0
53913	0
53914	0
53915	0
53916	0
53917	0
53918	0
53919	0
53920	0
53921	0
53922	0
53923	0
53924	0
53925	0
53926	0
53927	0
53928	0
53929	0
53930	0
53931	0
53932	1
53933	1
53934	1
53935	1
53936	1
53937	1
53938	1
53939	1
53940	1
53941	1
53942	0
53943	0
53944	0
53945	0
53946	0
53947	0
53976	1
53977	1
53978	1
53979	1
53980	1
53981	1
53982	1
53983	1
53984	1
53985	1
53986	1
53987	1
53988	1
53989	1
53990	1
53991	0
53992	0
53993	0
53994	0
53995	0
53996	0
53997	0
53998	0
53999	0
54000	0
54001	0
54002	0
54003	0
54004	0
54005	0
54006	0
54007	0
54008	0
54009	0
54010	0
54011	0
54012	0
54013	1
54014	1
54015	1
54016	1
54017	1
54018	1
54019	1
54020	1
54021	1
54022	1
54023	1
54024	0
54025	0
54026	0
54027	0
54028	0
54057	1
54058	1
54059	1
54060	1
54061	1
54062	1
54063	1
54064	1
54065	1
54066	1
54067	1
54068	1
54069	1
54070	1
54071	1
54072	0
54073	0
54074	0
54075	0
54076	0
54077	0
54078	0
54079	0
54080	0
54081	0
54082	0
54083	0
54084	0
54085	0
54086	0
54087	0
54088	0
54089	0
54090	0
54091	0
54092	0
54093	0
54094	1
54095	1
54096	1
54097	1
54098	1
54099	1
54100	1
54101	1
54102	1
54103	1
54104	0
54105	0
54106	0
54107	0
54108	0
54109	0
54138	1
54139	1
54140	1
54141	1
54142	1
54143	1
54144	1
54145	1
54146	1
54147	1
54148	1
54149	1
54150	1
54151	1
54152	1
54153	1
54154	0
54155	0
54156	0
54157	0
54158	0
54159	0
54160	0
54161	0
54162	0
54163	0
54164	0
54165	0
54166	0
54167	0
54168	0
54169	0
54170	0
54171	0
54172	0
54173	0
54174	0
54175	0
54176	1
54177	1
54178	1
54179	1
54180	1
54181	1
54182	1
54183	1
54184	1
54185	1
54186	0
54187	0
54188	0
54189	0
54190	0
54219	1
54220	1
54221	1
54222	1
54223	1
54224	1
54225	1
54226	1
54227	1
54228	1
54229	1
54230	1
54231	1
54232	1
54233	1
54234	1
54235	0
54236	0
54237	0
54238	0
54239	0
54240	0
54241	0
54242	0
54243	0
54244	0
54245	0
54246	0
54247	0
54248	0
54249	0
54250	0
54251	0
54252	0
54253	0
54254	0
54255	0
54256	0
54257	1
54258	1
54259	1
54260	1
54261	1
54262	1
54263	1
54264	1
54265	1
54266	1
54267	1
54268	0
54269	0
54270	0
54271	0
54299	1
54300	1
54301	1
54302	1
54303	1
54304	1
54305	1
54306	1
54307	1
54308	1
54309	1
54310	1
54311	1
54312	1
54313	1
54314	1
54315	1
54316	0
54317	0
54318	0
54319	0
54320	0
54321	0
54322	0
54323	0
54324	0
54325	0
54326	0
54327	0
54328	0
54329	0
54330	0
54331	0
54332	0
54333	0
54334	0
54335	0
54336	0
54337	0
54338	1
54339	1
54340	1
54341	1
54342	1
54343	1
54344	1
54345	1
54346	1
54347	1
54348	0
54349	0
54350	0
54351	0
54352	0
54380	1
54381	1
54382	1
54383	1
54384	1
54385	1
54386	1
54387	1
54388	1
54389	1
54390	1
54391	1
54392	1
54393	1
54394	1
54395	1
54396	1
54397	1
54398	0
54399	0
54400	0
54401	0
54402	0
54403	0
54404	0
54405	0
54406	0
54407	0
54408	0
54409	0
54410	0
54411	0
54412	0
54413	0
54414	0
54415	0
54416	0
54417	1
54418	0
54419	0
54420	1
54421	1
54422	1
54423	1
54424	1
54425	1
54426	1
54427	1
54428	1
54429	0
54430	0
54431	0
54432	0
54433	0
54461	1
54462	1
54463	1
54464	1
54465	1
54466	1
54467	1
54468	1
54469	1
54470	1
54471	1
54472	1
54473	1
54474	1
54475	1
54476	1
54477	1
54478	1
54479	0
54480	0
54481	0
54482	0
54483	0
54484	0
54485	0
54486	0
54487	0
54488	0
54489	0
54490	0
54491	0
54492	0
54493	0
54494	0
54495	0
54496	0
54497	0
54498	1
54499	0
54500	0
54501	1
54502	1
54503	1
54504	1
54505	1
54506	1
54507	1
54508	1
54509	1
54510	1
54511	0
54512	0
54513	0
54514	0
54541	1
54542	1
54543	1
54544	1
54545	1
54546	1
54547	1
54548	1
54549	1
54550	1
54551	1
54552	1
54553	1
54554	1
54555	1
54556	1
54557	1
54558	1
54559	1
54560	0
54561	0
54562	0
54563	0
54564	0
54565	0
54566	0
54567	0
54568	0
54569	0
54570	0
54571	0
54572	0
54573	0
54574	0
54575	0
54576	0
54577	0
54578	1
54579	1
54580	0
54581	1
54582	1
54583	1
54584	1
54585	1
54586	1
54587	1
54588	1
54589	1
54590	1
54591	0
54592	0
54593	0
54594	0
54595	0
54623	1
54624	1
54625	1
54626	1
54627	1
54628	1
54629	1
54630	1
54631	1
54632	1
54633	1
54634	1
54635	1
54636	1
54637	1
54638	1
54639	1
54640	1
54641	1
54642	0
54643	0
54644	0
54645	0
54646	0
54647	0
54648	0
54649	0
54650	0
54651	0
54652	0
54653	0
54654	0
54655	0
54656	0
54657	0
54658	0
54659	1
54660	1
54661	1
54662	1
54663	1
54664	1
54665	1
54666	1
54667	1
54668	1
54669	1
54670	1
54671	1
54672	1
54673	0
54674	0
54675	0
54676	0
54704	0
54705	1
54706	1
54707	1
54708	1
54709	1
54710	1
54711	1
54712	1
54713	1
54714	1
54715	1
54716	1
54717	1
54718	1
54719	1
54720	1
54721	1
54722	1
54723	0
54724	0
54725	0
54726	0
54727	0
54728	0
54729	0
54730	0
54731	0
54732	0
54733	0
54734	0
54735	0
54736	0
54737	0
54738	0
54739	0
54740	1
54741	1
54742	1
54743	1
54744	1
54745	1
54746	1
54747	1
54748	1
54749	1
54750	1
54751	1
54752	1
54753	1
54754	1
54755	0
54757	0
54784	0
54785	1
54786	1
54787	1
54788	1
54789	1
54790	1
54791	1
54792	1
54793	1
54794	1
54795	1
54796	1
54797	1
54798	1
54799	1
54800	1
54801	1
54802	1
54803	1
54804	0
54805	0
54806	0
54807	0
54808	0
54809	0
54810	0
54811	0
54812	0
54813	0
54814	0
54815	0
54816	0
54817	1
54818	0
54819	0
54820	1
54821	1
54822	1
54823	1
54824	1
54825	1
54826	1
54827	1
54828	1
54829	1
54830	1
54831	1
54832	1
54833	1
54834	1
54835	1
54836	0
54837	0
54838	0
54866	1
54867	1
54868	1
54869	1
54870	1
54871	1
54872	1
54873	1
54874	1
54875	1
54876	1
54877	1
54878	1
54879	1
54880	1
54881	1
54882	1
54883	1
54884	1
54885	1
54886	0
54887	0
54888	0
54889	0
54890	0
54891	0
54892	0
54893	0
54894	0
54895	0
54896	0
54897	0
54898	1
54899	0
54900	0
54901	1
54903	1
54904	1
54905	1
54906	1
54907	1
54908	1
54909	1
54910	1
54911	1
54912	1
54913	1
54914	1
54915	1
54916	1
54917	0
54918	0
54919	0
54947	1
54948	1
54949	1
54950	1
54951	1
54952	1
54953	1
54954	1
54955	1
54956	1
54957	1
54958	1
54959	1
54960	1
54961	1
54962	1
54963	1
54964	1
54965	1
54966	1
54967	1
54968	0
54969	0
54970	0
54971	0
54972	0
54973	0
54974	0
54975	0
54976	0
54977	0
54978	0
54979	1
54980	1
54981	0
54982	1
54983	1
54984	1
54985	1
54987	1
54988	1
54989	1
54990	1
54991	1
54992	1
54993	1
54994	1
54995	1
54996	1
54997	1
54998	1
54999	0
55000	0
55028	1
55029	1
55030	1
55031	1
55032	1
55033	1
55034	1
55035	1
55036	1
55037	1
55038	1
55039	1
55040	1
55041	1
55042	1
55043	1
55044	1
55045	1
55046	1
55047	1
55048	0
55049	0
55050	0
55051	0
55052	0
55053	0
55054	0
55055	0
55056	0
55057	0
55058	0
55059	1
55060	1
55061	1
55062	1
55063	1
55064	1
55065	1
55066	1
55068	1
55069	1
55070	1
55071	1
55072	1
55073	1
55074	1
55075	1
55076	1
55077	1
55078	1
55079	1
55080	0
55081	0
55109	1
55110	1
55111	1
55112	1
55113	1
55114	1
55115	1
55116	1
55117	1
55118	1
55119	1
55120	1
55121	1
55122	1
55123	1
55124	1
55125	1
55126	1
55127	1
55128	1
55129	1
55130	0
55131	0
55132	0
55133	0
55134	0
55135	0
55136	0
55137	0
55138	0
55139	0
55140	1
55141	1
55142	1
55143	1
55144	1
55145	1
55146	1
55147	1
55148	1
55149	1
55150	1
55151	1
55152	1
55153	1
55154	1
55155	1
55156	1
55157	1
55158	1
55159	1
55160	1
55161	0
55162	0
55190	1
55191	1
55192	1
55193	1
55194	1
55195	1
55196	1
55197	1
55198	1
55199	1
55200	1
55201	1
55202	1
55203	1
55204	1
55205	1
55206	1
55207	1
55208	1
55209	1
55210	1
55211	0
55212	0
55213	0
55214	0
55215	0
55216	0
55217	0
55218	0
55219	0
55220	0
55221	1
55222	1
55223	1
55224	1
55225	1
55226	1
55227	1
55228	1
55229	1
55230	1
55231	1
55232	1
55233	1
55234	1
55235	1
55236	1
55237	1
55238	1
55239	1
55240	1
55241	1
55242	1
55243	0
55270	1
55271	1
55272	1
55273	1
55274	1
55275	1
55276	1
55277	1
55278	1
55279	1
55280	1
55281	1
55282	1
55283	1
55284	1
55285	1
55286	1
55287	1
55288	1
55289	1
55290	1
55291	1
55292	0
55293	0
55294	0
55295	0
55296	0
55297	0
55298	0
55299	0
55300	0
55301	1
55302	1
55303	1
55305	1
55306	1
55307	1
55308	1
55309	1
55310	1
55311	1
55312	1
55313	1
55314	1
55315	1
55316	1
55317	1
55318	1
55319	1
55320	1
55321	1
55322	1
55323	1
55324	0
55352	1
55353	1
55354	1
55355	1
55356	1
55357	1
55358	1
55359	1
55360	1
55361	1
55362	1
55363	1
55364	1
55365	1
55366	1
55367	1
55368	1
55369	1
55370	1
55371	1
55372	1
55373	1
55374	1
55375	0
55376	0
55377	0
55378	0
55379	0
55380	0
55381	0
55382	1
55383	1
55384	1
55386	1
55387	1
55388	1
55389	1
55390	1
55391	1
55392	1
55393	1
55394	1
55395	1
55396	1
55397	1
55398	1
55399	1
55400	1
55401	1
55402	1
55403	1
55404	1
55405	1
55433	1
55434	1
55435	1
55436	1
55437	1
55438	1
55439	1
55440	1
55441	1
55442	1
55443	1
55444	1
55445	1
55446	1
55447	1
55448	1
55449	1
55450	1
55451	1
55452	1
55453	1
55454	1
55455	1
55456	1
55457	0
55458	1
55459	0
55460	0
55461	0
55462	0
55463	1
55464	1
55465	1
55467	1
55468	1
55469	1
55470	1
55471	1
55472	1
55473	1
55474	1
55475	1
55476	1
55477	1
55478	1
55479	1
55480	1
55481	1
55482	1
55483	1
55484	1
55485	1
55486	1
55513	1
55514	1
55515	1
55516	1
55517	1
55518	1
55519	1
55520	1
55521	1
55522	1
55523	1
55524	1
55525	1
55526	1
55527	1
55528	1
55529	1
55530	1
55531	1
55532	1
55533	1
55534	1
55535	1
55536	1
55537	0
55538	1
55539	0
55540	0
55541	1
55542	0
55543	1
55544	1
55545	1
55546	1
55548	1
55549	1
55550	1
55551	1
55552	1
55553	1
55554	1
55555	1
55556	1
55557	1
55558	1
55559	1
55560	1
55561	1
55562	1
55563	1
55564	1
55565	1
55566	1
55567	0
55594	1
55595	1
55596	1
55597	1
55598	1
55599	1
55600	1
55601	1
55602	1
55603	1
55604	1
55605	1
55606	1
55607	1
55608	1
55609	1
55610	1
55611	1
55612	1
55613	1
55614	1
55615	1
55616	1
55617	1
55618	1
55619	1
55620	1
55621	0
55622	1
55623	1
55624	1
55625	1
55626	1
55627	1
55629	1
55630	1
55631	1
55632	1
55633	1
55634	1
55635	1
55636	1
55637	1
55638	1
55639	1
55640	1
55641	1
55642	1
55643	1
55644	1
55645	1
55646	1
55647	1
55648	1
55676	1
55677	1
55678	1
55679	1
55680	1
55681	1
55682	1
55683	1
55684	1
55685	1
55686	1
55687	1
55688	1
55689	1
55690	1
55691	1
55692	1
55693	1
55694	1
55695	1
55696	1
55697	1
55698	1
55699	1
55700	1
55701	1
55702	1
55703	1
55704	1
55705	1
55706	1
55707	1
55708	1
55710	1
55711	1
55712	1
55713	1
55714	1
55717	1
55718	1
55719	1
55720	1
55721	1
55722	1
55723	1
55724	1
55725	1
55726	1
55727	1
55728	1
55729	1
55756	1
55757	1
55758	1
55759	1
55760	1
55761	1
55762	1
55763	1
55764	1
55765	1
55766	1
55767	1
55768	1
55769	1
55770	1
55771	1
55772	1
55773	1
55774	1
55775	1
55776	1
55777	1
55778	1
55779	1
55780	1
55781	1
55782	1
55783	1
55784	1
55785	1
55786	1
55787	1
55788	1
55790	1
55791	1
55792	1
55793	1
55794	1
55797	1
55798	1
55799	1
55800	1
55801	1
55802	1
55803	1
55804	1
55805	1
55806	1
55807	1
55808	1
55809	1
55810	1
55837	1
55838	1
55839	1
55840	1
55841	1
55842	1
55843	1
55844	1
55845	1
55846	1
55847	1
55848	1
55849	1
55850	1
55851	1
55852	1
55853	1
55854	1
55855	1
55856	1
55857	1
55858	1
55859	1
55860	1
55861	1
55862	1
55863	1
55864	1
55865	1
55866	1
55868	1
55869	1
55871	1
55872	1
55873	1
55874	1
55875	1
55879	1
55880	1
55881	1
55882	1
55883	1
55884	1
55885	1
55886	1
55887	1
55888	1
55889	1
55890	1
55891	1
55918	1
55919	1
55920	1
55921	1
55922	1
55923	1
55924	1
55925	1
55926	1
55927	1
55928	1
55929	1
55930	1
55931	1
55932	1
55933	1
55934	1
55935	1
55936	1
55937	1
55938	1
55939	1
55940	1
55941	1
55942	1
55943	1
55944	1
55945	1
55946	1
55947	1
55948	1
55950	1
55951	1
55953	1
55954	1
55955	1
55956	1
55961	1
55962	1
55963	1
55964	1
55965	1
55966	1
55967	1
55968	1
55969	1
55970	1
55971	1
55972	1
55999	1
56000	1
56001	1
56002	1
56003	1
56004	1
56005	1
56006	1
56007	1
56008	1
56009	1
56010	1
56011	1
56012	1
56013	1
56014	1
56015	1
56016	1
56017	1
56018	1
56019	1
56020	1
56021	1
56022	1
56023	1
56024	1
56025	1
56026	1
56027	1
56028	1
56029	1
56030	1
56031	1
56033	1
56034	1
56035	1
56036	1
56037	1
56042	1
56043	1
56044	1
56045	1
56046	1
56047	1
56048	1
56049	1
56050	1
56051	1
56052	1
56053	1
56079	1
56080	1
56081	1
56082	1
56083	1
56084	1
56085	1
56086	1
56087	1
56088	1
56089	1
56090	1
56091	1
56092	1
56093	1
56094	1
56095	1
56096	1
56097	1
56098	1
56099	1
56100	1
56101	1
56102	1
56103	1
56104	1
56105	1
56106	1
56107	1
56108	1
56109	1
56110	1
56111	1
56112	1
56113	1
56115	1
56116	1
56117	1
56118	1
56119	1
56123	1
56124	1
56125	1
56126	1
56127	1
56128	1
56129	1
56130	1
56131	1
56132	1
56133	1
56134	1
56160	1
56161	1
56162	1
56163	1
56164	1
56165	1
56166	1
56167	1
56168	1
56169	1
56170	1
56171	1
56172	1
56173	1
56174	1
56175	1
56176	1
56177	1
56178	1
56179	1
56180	1
56181	1
56182	1
56183	1
56184	1
56185	1
56186	1
56187	1
56188	1
56189	1
56190	1
56191	1
56192	1
56193	1
56194	1
56196	1
56197	1
56198	1
56199	1
56200	1
56205	1
56206	1
56207	1
56208	1
56209	1
56210	1
56211	1
56212	1
56213	1
56214	1
56215	1
56240	1
56241	1
56242	1
56243	1
56244	1
56245	1
56246	1
56247	1
56248	1
56249	1
56250	1
56251	1
56252	1
56253	1
56254	1
56255	1
56256	1
56257	1
56258	1
56259	1
56260	1
56261	1
56262	1
56263	1
56264	1
56265	1
56266	1
56267	1
56268	1
56269	1
56270	1
56271	1
56272	1
56273	1
56274	1
56275	1
56276	1
56277	1
56278	1
56279	1
56280	1
56281	1
56285	1
56286	1
56287	1
56288	1
56289	1
56291	1
56292	1
56293	1
56294	1
56295	1
56296	1
56322	1
56323	1
56324	1
56325	1
56326	1
56327	1
56328	1
56329	1
56330	1
56331	1
56332	1
56333	1
56334	1
56335	1
56336	1
56337	1
56338	1
56339	1
56340	1
56341	1
56342	1
56343	1
56344	1
56345	1
56346	1
56347	1
56348	1
56349	1
56350	1
56351	1
56352	1
56353	1
56354	1
56355	1
56356	1
56357	1
56358	1
56359	1
56360	1
56361	1
56362	1
56363	1
56364	1
56367	1
56368	1
56369	1
56370	1
56372	1
56373	1
56374	1
56375	1
56376	1
56377	1
56403	1
56404	1
56405	1
56406	1
56407	1
56408	1
56409	1
56410	1
56411	1
56412	1
56413	1
56414	1
56415	1
56416	1
56417	1
56418	1
56419	1
56420	1
56421	1
56422	1
56423	1
56424	1
56425	1
56426	1
56427	1
56428	1
56429	1
56430	1
56431	1
56432	1
56433	1
56435	1
56436	1
56437	1
56439	1
56440	1
56441	1
56442	1
56443	1
56444	1
56446	1
56447	1
56448	1
56449	1
56450	1
56451	1
56453	1
56454	1
56455	1
56456	1
56457	1
56458	1
56483	1
56484	1
56485	1
56486	1
56487	1
56488	1
56489	1
56490	1
56491	1
56492	1
56493	1
56494	1
56495	1
56496	1
56497	1
56498	1
56499	1
56500	1
56501	1
56502	1
56503	1
56504	1
56505	1
56506	1
56507	1
56508	1
56509	1
56510	1
56511	1
56512	1
56513	1
56514	1
56515	1
56516	1
56517	1
56518	1
56519	1
56520	1
56521	1
56522	1
56523	1
56524	1
56525	1
56526	1
56527	1
56528	1
56529	1
56530	1
56531	1
56532	1
56533	1
56534	1
56535	1
56536	1
56537	1
56538	1
56539	1
56565	1
56566	1
56567	1
56568	1
56569	1
56570	1
56571	1
56572	1
56573	1
56574	1
56575	1
56576	1
56577	1
56578	1
56579	1
56580	1
56581	1
56582	1
56583	1
56584	1
56585	1
56586	1
56587	1
56588	1
56589	1
56590	1
56591	1
56592	1
56593	1
56594	1
56595	1
56596	1
56597	1
56598	1
56599	1
56600	1
56601	1
56602	1
56603	1
56604	1
56605	1
56606	1
56607	1
56608	1
56609	1
56610	1
56611	1
56612	1
56613	1
56614	1
56615	1
56616	1
56617	1
56618	1
56619	1
56620	1
56646	1
56647	1
56648	1
56649	1
56650	1
56651	1
56652	1
56653	1
56654	1
56655	1
56656	1
56657	1
56658	1
56659	1
56660	1
56661	1
56662	1
56663	1
56664	1
56665	1
56666	1
56667	1
56668	1
56669	1
56670	1
56671	1
56672	1
56673	1
56674	1
56675	1
56676	1
56677	1
56678	1
56679	1
56680	1
56681	1
56682	1
56683	1
56684	1
56685	1
56686	1
56687	1
56688	1
56689	1
56690	1
56691	1
56692	1
56693	1
56694	1
56695	1
56696	1
56697	1
56698	1
56699	1
56700	1
56701	1
56727	1
56728	1
56729	1
56730	1
56731	1
56732	1
56733	1
56734	1
56735	1
56736	1
56737	1
56738	1
56739	1
56740	1
56741	1
56742	1
56743	1
56744	1
56745	1
56746	1
56747	1
56748	1
56749	1
56750	1
56751	1
56752	1
56753	1
56754	1
56755	1
56756	1
56757	1
56758	1
56759	1
56760	1
56761	1
56762	1
56763	1
56764	1
56765	1
56766	1
56767	1
56768	1
56769	1
56770	1
56771	1
56772	1
56773	1
56774	1
56775	1
56776	1
56777	1
56778	1
56779	1
56780	1
56781	1
56782	1
56809	1
56810	1
56811	1
56812	1
56813	1
56814	1
56815	1
56816	1
56817	1
56818	1
56819	1
56820	1
56821	1
56822	1
56823	1
56824	1
56825	1
56826	1
56827	1
56828	1
56829	1
56830	1
56831	1
56832	1
56833	1
56834	1
56835	1
56836	1
56837	1
56838	1
56839	1
56840	1
56841	1
56842	1
56843	1
56844	1
56845	1
56846	1
56847	1
56848	1
56849	1
56850	1
56851	1
56852	1
56853	1
56854	1
56855	1
56856	1
56857	1
56858	1
56859	1
56860	1
56861	1
56862	1
56863	1
56891	1
56892	1
56893	1
56894	1
56895	1
56896	1
56897	1
56898	1
56899	1
56900	1
56901	1
56902	1
56903	1
56904	1
56905	1
56906	1
56907	1
56908	1
56909	1
56910	1
56911	1
56912	1
56913	1
56914	1
56915	1
56916	1
56917	1
56918	1
56919	1
56920	1
56921	1
56922	1
56923	1
56924	1
56925	1
56926	1
56927	1
56928	1
56929	1
56930	1
56931	1
56932	1
56933	1
56934	1
56935	1
56936	1
56937	1
56938	1
56939	1
56940	1
56941	1
56942	1
56943	1
56944	1
56971	1
56972	1
56973	1
56974	1
56975	1
56976	1
56977	1
56978	1
56979	1
56980	1
56981	1
56982	1
56983	1
56984	1
56985	1
56986	1
56987	1
56988	1
56989	1
56990	1
56991	1
56992	1
56993	1
56994	1
56995	1
56996	1
56997	1
56998	1
56999	1
57000	1
57001	1
57002	1
57003	1
57004	1
57005	1
57006	1
57007	1
57008	1
57009	1
57010	1
57011	1
57012	1
57013	1
57014	1
57015	1
57016	1
57017	1
57018	1
57019	1
57020	1
57021	1
57022	1
57023	1
57024	1
57025	1
57053	1
57054	1
57055	1
57056	1
57057	1
57058	1
57059	1
57060	1
57061	1
57062	1
57063	1
57064	1
57065	1
57066	1
57067	1
57068	1
57069	1
57070	1
57071	1
57072	1
57073	1
57074	1
57075	1
57076	1
57077	1
57078	1
57079	1
57080	1
57081	1
57082	1
57083	1
57084	1
57085	1
57086	1
57087	1
57088	1
57089	1
57090	1
57091	1
57092	1
57093	1
57094	1
57095	1
57096	1
57097	1
57098	1
57099	1
57100	1
57101	1
57102	1
57103	1
57104	1
57105	1
57106	1
57135	1
57136	1
57137	1
57138	1
57139	1
57140	1
57141	1
57142	1
57143	1
57144	1
57145	1
57146	1
57147	1
57148	1
57149	1
57150	1
57151	1
57152	1
57153	1
57154	1
57155	1
57156	1
57157	1
57158	1
57159	1
57160	1
57161	1
57162	1
57163	1
57164	1
57165	1
57166	1
57167	1
57168	1
57169	1
57170	1
57171	1
57172	1
57173	1
57174	1
57175	1
57176	1
57177	1
57178	1
57179	1
57180	1
57181	1
57182	1
57183	1
57184	1
57185	1
57186	1
57187	1
57216	1
57217	1
57218	1
57219	1
57220	1
57221	1
57222	1
57223	1
57224	1
57225	1
57226	1
57227	1
57228	1
57229	1
57230	1
57231	1
57232	1
57233	1
57234	1
57235	1
57236	1
57237	1
57238	1
57239	1
57240	1
57241	1
57242	1
57243	1
57244	1
57245	1
57246	1
57247	1
57248	1
57249	1
57250	1
57251	1
57252	1
57253	1
57254	1
57255	1
57256	1
57257	1
57258	1
57259	1
57260	1
57261	1
57262	1
57263	1
57264	1
57265	1
57266	1
57267	1
57268	1
57297	1
57298	1
57299	1
57300	1
57301	1
57302	1
57303	1
57304	1
57305	1
57306	1
57307	1
57308	1
57309	1
57310	1
57311	1
57312	1
57313	1
57314	1
57315	1
57316	1
57317	1
57318	1
57319	1
57320	1
57321	1
57322	1
57323	1
57324	1
57325	1
57326	1
57327	1
57328	1
57329	1
57330	1
57331	1
57332	1
57333	1
57334	1
57335	1
57336	1
57337	1
57338	1
57339	1
57340	1
57341	1
57342	1
57343	1
57344	1
57345	1
57346	1
57347	1
57348	1
57349	1
57379	1
57380	1
57381	1
57382	1
57383	1
57384	1
57385	1
57386	1
57387	1
57388	1
57389	1
57390	1
57391	1
57392	1
57393	1
57394	1
57395	1
57396	1
57397	1
57398	1
57399	1
57400	1
57401	1
57402	1
57403	1
57404	1
57405	1
57406	1
57407	1
57408	1
57409	1
57410	1
57411	1
57412	1
57413	1
57414	1
57415	1
57416	1
57417	1
57418	1
57419	1
57420	1
57421	1
57422	1
57423	1
57424	1
57425	1
57426	1
57427	1
57428	1
57429	1
57430	1
57460	1
57461	1
57462	1
57463	1
57464	1
57465	1
57466	1
57467	1
57468	1
57469	1
57470	1
57471	1
57472	1
57473	1
57474	1
57475	1
57476	1
57477	1
57478	1
57479	1
57480	1
57481	1
57482	1
57483	1
57484	1
57485	1
57486	1
57487	1
57488	1
57489	1
57490	1
57491	1
57492	1
57493	1
57494	1
57495	1
57496	1
57497	1
57498	1
57499	1
57500	1
57501	1
57502	1
57503	1
57504	1
57505	1
57506	1
57507	1
57508	1
57509	1
57510	1
57511	1
57541	1
57542	1
57543	1
57544	1
57545	1
57546	1
57547	1
57548	1
57549	1
57550	1
57551	1
57552	1
57553	1
57554	1
57555	1
57556	1
57557	1
57558	1
57559	1
57560	1
57561	1
57562	1
57563	1
57564	1
57565	1
57566	1
57567	1
57568	1
57569	1
57570	1
57571	1
57572	1
57573	1
57574	1
57575	1
57576	1
57577	1
57578	1
57579	1
57580	1
57581	1
57582	1
57583	1
57584	1
57585	1
57586	1
57587	1
57588	1
57589	1
57590	1
57591	1
57592	1
57623	1
57624	1
57625	1
57626	1
57627	1
57628	1
57629	1
57630	1
57631	1
57632	1
57633	1
57634	1
57635	1
57636	1
57637	1
57638	1
57639	1
57640	1
57641	1
57642	1
57643	1
57644	1
57645	1
57646	1
57647	1
57648	1
57649	1
57650	1
57651	1
57652	1
57653	1
57654	1
57656	1
57657	1
57658	1
57659	1
57660	1
57661	1
57662	1
57663	1
57664	1
57665	1
57666	1
57667	1
57668	1
57669	1
57670	1
57671	1
57672	1
57673	1
57704	1
57705	1
57706	1
57707	1
57708	1
57709	1
57710	1
57711	1
57712	1
57713	1
57714	1
57715	1
57716	1
57717	1
57718	1
57719	1
57720	1
57721	1
57722	1
57723	1
57724	1
57725	1
57726	1
57727	1
57728	1
57729	1
57730	1
57731	1
57732	1
57733	1
57736	1
57737	1
57738	1
57739	1
57740	1
57741	1
57742	1
57743	1
57744	1
57745	1
57746	1
57747	1
57748	1
57749	1
57750	1
57751	1
57752	1
57753	1
57754	1
57785	1
57786	1
57787	1
57788	1
57789	1
57790	1
57791	1
57792	1
57793	1
57794	1
57795	1
57796	1
57797	1
57798	1
57799	1
57800	1
57801	1
57802	1
57803	1
57804	1
57805	1
57806	1
57807	1
57808	1
57809	1
57810	1
57811	1
57812	1
57813	1
57816	1
57817	1
57818	1
57819	1
57820	1
57821	1
57822	1
57823	1
57824	1
57825	1
57826	1
57827	1
57828	1
57829	1
57830	1
57831	1
57832	1
57833	1
57834	1
57835	1
57867	1
57868	1
57869	1
57870	1
57871	1
57872	1
57873	1
57874	1
57875	1
57876	1
57877	1
57878	1
57879	1
57880	1
57881	1
57882	1
57883	1
57884	1
57885	1
57886	1
57887	1
57888	1
57889	1
57890	1
57891	1
57892	1
57893	1
57894	1
57897	1
57898	1
57899	1
57900	1
57901	1
57902	1
57903	1
57904	1
57905	1
57906	1
57907	1
57908	1
57909	1
57910	1
57911	1
57912	1
57913	1
57914	1
57915	1
57916	1
57948	1
57949	1
57950	1
57951	1
57952	1
57953	1
57954	1
57955	1
57956	1
57957	1
57958	1
57959	1
57960	1
57961	1
57962	1
57963	1
57964	1
57965	1
57966	1
57967	1
57968	1
57969	1
57970	1
57971	1
57972	1
57973	1
57974	1
57977	1
57978	1
57979	1
57980	1
57981	1
57982	1
57983	1
57984	1
57985	1
57986	1
57987	1
57988	1
57989	1
57990	1
57991	1
57992	1
57993	1
57994	1
57995	1
57996	1
57997	1
58030	1
58031	1
58032	1
58033	1
58034	1
58035	1
58036	1
58037	1
58038	1
58039	1
58040	1
58041	1
58042	1
58043	1
58044	1
58045	1
58046	1
58047	1
58048	1
58049	1
58050	1
58051	1
58052	1
58053	1
58054	1
58055	1
58057	1
58058	1
58059	1
58060	1
58061	1
58062	1
58063	1
58064	1
58065	1
58066	1
58067	1
58068	1
58069	1
58070	1
58071	1
58072	1
58073	1
58074	1
58075	1
58076	1
58077	1
58078	1
58111	1
58112	1
58113	1
58114	1
58115	1
58116	1
58117	1
58118	1
58119	1
58120	1
58121	1
58122	1
58123	1
58124	1
58125	1
58126	1
58127	1
58128	1
58129	1
58130	1
58131	1
58132	1
58133	1
58134	1
58135	1
58136	1
58137	1
58138	1
58139	1
58140	1
58141	1
58142	1
58143	1
58144	1
58145	1
58146	1
58147	1
58148	1
58149	1
58150	1
58151	1
58152	1
58153	1
58154	1
58155	1
58156	1
58157	1
58158	1
58159	1
58192	1
58193	1
58194	1
58195	1
58196	1
58197	1
58198	1
58199	1
58200	1
58201	1
58202	1
58203	1
58204	1
58205	1
58206	1
58207	1
58208	1
58209	1
58210	1
58211	1
58212	1
58213	1
58214	1
58215	1
58216	1
58217	1
58218	1
58219	1
58220	1
58221	1
58222	1
58223	1
58224	1
58225	1
58226	1
58227	1
58228	1
58229	1
58230	1
58231	1
58232	1
58233	1
58234	1
58235	1
58236	1
58237	1
58238	1
58239	1
58240	1
58274	1
58275	1
58276	1
58277	1
58278	1
58279	1
58280	1
58281	1
58282	1
58283	1
58284	1
58285	1
58286	1
58287	1
58288	1
58289	1
58290	1
58291	1
58292	1
58293	1
58294	1
58295	1
58296	1
58297	1
58298	1
58299	1
58300	1
58301	1
58302	1
58303	1
58304	1
58305	1
58306	1
58307	1
58308	1
58309	1
58310	1
58311	1
58312	1
58313	1
58314	1
58315	1
58316	1
58317	1
58318	1
58319	1
58320	1
58321	1
58356	1
58357	1
58358	1
58359	1
58360	1
58361	1
58362	1
58363	1
58364	1
58365	1
58366	1
58367	1
58368	1
58369	1
58370	1
58371	1
58372	1
58373	1
58374	1
58375	1
58376	1
58377	1
58378	1
58379	1
58380	1
58381	1
58382	1
58383	1
58384	1
58385	1
58386	1
58387	1
58388	1
58389	1
58390	1
58391	1
58392	1
58393	1
58394	1
58395	1
58396	1
58397	1
58398	1
58399	1
58400	1
58401	1
58402	1
58437	1
58438	1
58439	1
58440	1
58441	1
58442	1
58443	1
58444	1
58445	1
58446	1
58447	1
58448	1
58449	1
58450	1
58451	1
58452	1
58453	1
58454	1
58455	1
58456	1
58457	1
58458	1
58459	1
58460	1
58461	1
58462	1
58463	1
58464	1
58465	1
58466	1
58467	1
58468	1
58469	1
58470	1
58471	1
58472	1
58473	1
58474	1
58475	1
58476	1
58477	1
58478	1
58479	1
58480	1
58481	1
58482	1
58483	1
58519	1
58520	1
58521	1
58522	1
58523	1
58524	1
58525	1
58526	1
58527	1
58528	1
58529	1
58530	1
58531	1
58532	1
58533	1
58534	1
58535	1
58536	1
58537	1
58538	1
58539	1
58540	1
58541	1
58542	1
58543	1
58544	1
58545	1
58546	1
58547	1
58548	1
58549	1
58550	1
58551	1
58552	1
58553	1
58557	1
58558	1
58559	1
58560	1
58561	1
58562	1
58563	1
58564	1
58602	1
58603	1
58604	1
58605	1
58606	1
58607	1
58608	1
58609	1
58610	1
58611	1
58612	1
58613	1
58614	1
58615	1
58616	1
58617	1
58618	1
58619	1
58620	1
58621	1
58622	1
58623	1
58624	1
58625	1
58626	1
58627	1
58628	1
58629	1
58630	1
58631	1
58632	1
58633	1
58634	1
58635	1
58641	1
58642	1
58643	1
58644	1
58645	1
58683	1
58684	1
58685	1
58686	1
58687	1
58688	1
58689	1
58690	1
58691	1
58692	1
58693	1
58694	1
58695	1
58696	1
58697	1
58698	1
58699	1
58700	1
58701	1
58702	1
58703	1
58704	1
58705	1
58706	1
58707	1
58708	1
58709	1
58710	1
58711	1
58712	1
58713	1
58714	1
58715	1
58722	1
58723	1
58724	1
58725	1
58726	1
58766	1
58767	1
58768	1
58769	1
58770	1
58771	1
58772	1
58773	1
58774	1
58775	1
58776	1
58777	1
58778	1
58780	1
58781	1
58782	1
58783	1
58784	1
58785	1
58786	1
58787	1
58788	1
58789	1
58790	1
58791	1
58792	1
58793	1
58794	1
58795	1
58804	1
58805	1
58806	1
58807	1
58849	1
58850	1
58851	1
58852	1
58854	1
58855	1
58856	1
58857	1
58858	1
58859	1
58862	1
58863	1
58864	1
58865	1
58866	1
58867	1
58868	1
58869	1
58870	1
58871	1
58872	1
58873	1
58874	1
58875	1
58876	1
58886	1
58887	1
58888	1
58930	1
58931	1
58932	1
58935	1
58936	1
58937	1
58938	1
58939	1
58943	1
58944	1
58945	1
58946	1
58947	1
58948	1
58949	1
58950	1
58951	1
58952	1
58953	1
58954	1
58955	1
58956	1
58968	1
58969	1
59017	1
59018	1
59019	1
59020	1
59025	1
59026	1
59027	1
59028	1
59029	1
59030	1
59031	1
59032	1
59033	1
59034	1
59035	1
59036	1
59037	1
59050	1
59052	1
59053	1
59054	1
59055	1
59056	1
59057	1
59058	1
59059	1
59060	1
59061	1
59062	1
59063	1
59064	1
59065	0
59066	0
59067	0
59068	0
59069	0
59070	0
59071	0
59072	0
59073	0
59074	0
59075	0
59076	0
59077	0
59078	0
59079	0
59132	1
59133	1
59134	1
59135	1
59136	1
59137	1
59138	1
59139	1
59140	1
59141	1
59142	1
59143	1
59144	1
59145	1
59146	0
59147	0
59148	0
59149	0
59150	0
59151	0
59152	0
59153	0
59154	0
59155	0
59156	0
59157	0
59158	0
59159	0
59214	1
59215	1
59216	1
59217	1
59218	1
59219	1
59220	1
59221	1
59222	1
59223	1
59224	1
59225	1
59226	1
59227	0
59228	0
59229	0
59230	0
59231	0
59232	0
59233	0
59234	0
59235	0
59236	0
59237	0
59238	0
59239	0
59240	0
59241	0
59296	1
59297	1
59298	1
59299	1
59300	1
59301	1
59302	1
59303	1
59304	1
59305	1
59306	1
59307	1
59308	0
59309	0
59310	0
59311	0
59312	0
59313	0
59314	0
59315	0
59316	0
59317	0
59318	0
59319	0
59321	0
59322	0
59376	1
59377	1
59378	1
59379	1
59380	1
59381	1
59382	1
59383	1
59384	1
59385	1
59386	1
59387	1
59388	1
59389	0
59390	0
59391	0
59392	0
59393	0
59394	0
59395	0
59396	0
59397	0
59398	0
59399	0
59458	1
59459	1
59460	1
59461	1
59462	1
59463	1
59464	1
59465	1
59466	1
59467	1
59468	1
59469	0
59470	0
59471	0
59472	0
59473	0
59474	0
59475	0
59476	0
59477	0
59478	0
59479	0
59480	0
59540	1
59541	1
59542	1
59543	1
59544	1
59545	1
59546	1
59547	1
59548	1
59549	1
59550	1
59551	0
59552	0
59553	0
59554	0
59555	0
59556	0
59557	0
59558	0
59561	0
59621	1
59622	1
59623	1
59624	1
59625	1
59626	1
59627	1
59628	1
59629	1
59630	0
59631	0
59632	0
59633	0
59634	0
59635	0
59636	0
59637	0
59638	0
59702	1
59703	1
59704	1
59705	1
59706	1
59707	1
59708	1
59709	1
59710	1
59711	0
59712	0
59713	0
59714	0
59715	0
59716	0
59717	0
59718	0
59719	0
59784	1
59785	1
59786	1
59787	1
59788	1
59789	1
59790	1
59791	1
59792	1
59793	0
59794	0
59795	0
59796	0
59797	0
59798	0
59799	0
59800	0
59865	1
59866	1
59867	1
59868	1
59869	1
59870	1
59871	1
59872	1
59873	0
59874	0
59875	0
59876	0
59877	0
59878	0
59879	0
59880	0
59881	0
59946	1
59947	1
59948	1
59949	1
59950	1
59951	1
59952	1
59953	1
59954	0
59955	0
59956	0
59957	0
59958	0
59959	0
59960	0
59961	0
60028	1
60029	1
60030	1
60031	1
60032	1
60033	1
60034	1
60035	1
60036	0
60037	0
60038	0
60039	0
60040	0
60041	0
60042	0
60108	1
60109	1
60110	1
60111	1
60112	1
60113	1
60114	1
60115	0
60116	0
60117	0
60118	0
60119	0
60120	0
60121	0
60122	0
60190	1
60191	1
60192	1
60193	1
60194	1
60195	1
60196	0
60197	0
60198	0
60199	0
60200	0
60201	0
60202	0
60203	0
60272	1
60273	1
60274	1
60275	1
60276	1
60277	1
60278	0
60279	0
60280	0
60281	0
60284	0
60352	1
60353	1
60354	1
60355	1
60356	1
60357	1
60358	0
60359	0
60360	0
60361	0
60434	1
60435	1
60436	1
60437	1
60438	1
60439	1
60440	0
60441	0
60442	0
60516	1
60517	1
60518	1
60519	1
60520	1
60521	0
60522	0
60523	0
60524	0
60597	1
60598	1
60599	1
60600	1
60601	1
60602	0
60603	0
60604	0
60678	1
60679	1
60680	1
60681	1
60682	1
60683	0
60684	0
60685	0
60686	0
60760	1
60761	1
60762	1
60763	1
60764	1
60765	0
60766	0
60767	0
60841	1
60842	1
60843	1
60844	1
60845	0
60846	0
60847	0
60848	0
60923	1
60924	1
60925	1
60926	1
60927	0
60928	0
60929	0
61004	1
61005	1
61006	1
61007	1
61008	0
61009	0
61010	0
61011	0
61085	1
61086	1
61087	1
61088	1
61089	0
61090	0
61091	0
61167	1
61168	1
61169	1
61170	0
61171	0
61172	0
61173	0
61249	1
61250	1
61251	1
61252	0
61253	0
61254	0
61329	1
61330	1
61331	1
61332	0
61333	0
61334	0
61335	0
61411	1
61412	1
61413	1
61414	0
61415	0
61416	0
61417	0
61493	1
61494	1
61495	0
61496	0
61497	0
61498	0
61574	1
61575	1
61576	0
61577	0
61578	0
61579	0
61656	1
61657	0
61658	0
61659	0
61660	0
61738	1
61739	0
61740	0
61741	0
61742	0
61819	0
61820	0
61821	0
61822	0
61901	0
61902	0
61903	0
61904	0
61982	0
61983	0
61984	0
61985	0
62063	0
62064	0
62065	0
62066	0
62145	0
62146	0
62147	0
62227	0
62228	0
62229	0
62308	0
62309	0
62310	0
62390	0
62391	0
62472	0
62473	0
62553	0
62635	0
137831	1
137832	1
137833	1
137840	1
137841	1
137842	1
137843	1
137844	1
137845	1
137846	1
137847	1
137848	1
137849	1
137850	1
137912	1
137913	1
137921	1
137922	1
137923	1
137924	1
137925	1
137926	1
137927	1
137928	1
137929	1
137930	1
137993	1
137994	1
138003	1
138004	1
138005	1
138006	1
138007	1
138008	1
138009	1
138010	1
138011	1
138012	1
138085	1
138086	1
138087	1
138088	1
138089	1
138090	1
138091	1
138092	1
138093	1
138165	1
138166	1
138167	1
138168	1
138169	1
138170	1
138171	1
138172	1
138173	1
138247	1
138248	1
138249	1
138250	1
138251	1
138252	1
138253	1
138329	1
138330	1
138331	1
138332	1
138333	1
138334	1
138410	1
138411	1
138412	1
138413	1
138492	1
138493	1
138494	1
138574	1
138575	1