HID	PA
48763	0
48844	0
48925	0
49005	0
49006	0
49087	0
49168	0
49249	0
49330	0
49492	0
59090	0
59091	0
59092	0
59093	0
59171	0
59172	0
59173	0
59251	0
59252	0
59253	0
59254	0
59262	0
59332	0
59333	0
59334	0
59335	0
59336	0
59344	0
59413	0
59414	0
59415	0
59416	0
59424	0
59425	0
59494	0
59495	0
59496	0
59497	0
59506	0
59507	0
59576	0
59577	0
59578	0
59579	0
59587	0
59588	0
59589	0
59656	0
59657	0
59658	0
59659	0
59668	0
59669	0
59670	0
59736	0
59737	0
59738	0
59739	0
59740	0
59741	0
59749	0
59750	0
59751	0
59752	0
59816	0
59817	0
59818	0
59819	0
59820	0
59821	0
59822	0
59830	0
59831	0
59832	0
59833	0
59834	0
59895	0
59896	0
59897	0
59898	0
59899	0
59900	0
59901	0
59902	0
59903	0
59910	0
59911	0
59912	0
59913	0
59914	0
59915	0
59976	0
59977	0
59978	0
59979	0
59980	0
59981	0
59982	0
59983	0
59984	0
59985	0
59991	0
59992	0
59993	0
59994	0
59995	0
59996	0
59997	0
60057	0
60058	0
60059	0
60060	0
60061	0
60062	0
60063	0
60064	0
60065	0
60066	0
60067	0
60073	0
60074	0
60075	0
60076	0
60077	0
60078	0
60137	0
60138	0
60139	0
60140	0
60141	0
60142	0
60143	0
60144	0
60145	0
60146	0
60147	0
60148	0
60153	0
60154	0
60155	0
60156	0
60157	0
60158	0
60159	0
60218	0
60219	0
60220	0
60221	0
60222	0
60223	0
60224	0
60225	0
60226	0
60227	0
60228	0
60229	0
60230	0
60235	0
60236	0
60237	0
60238	0
60239	0
60240	0
60299	0
60300	0
60301	0
60302	0
60303	0
60304	0
60305	0
60306	0
60307	0
60308	0
60309	0
60310	0
60311	0
60312	0
60316	0
60317	0
60318	0
60319	0
60320	0
60321	0
60322	0
60379	0
60380	0
60381	0
60382	0
60383	0
60384	0
60385	0
60386	0
60387	0
60388	0
60389	0
60390	0
60391	0
60392	0
60393	0
60397	0
60398	0
60399	0
60400	0
60401	0
60402	0
60403	0
60460	0
60461	0
60462	0
60463	0
60464	0
60465	0
60466	0
60467	0
60468	0
60469	0
60470	0
60471	0
60472	0
60473	0
60474	0
60478	0
60479	0
60480	0
60481	0
60482	0
60483	0
60484	0
60541	0
60542	0
60543	0
60544	0
60545	0
60546	0
60547	0
60548	0
60549	0
60550	0
60551	0
60552	0
60553	0
60554	0
60555	0
60556	0
60557	0
60560	0
60561	0
60562	0
60563	0
60564	0
60565	0
60566	0
60621	0
60622	0
60623	0
60624	0
60625	0
60626	0
60627	0
60628	0
60629	0
60630	0
60631	0
60632	0
60633	0
60634	0
60635	0
60636	0
60637	0
60638	0
60640	0
60641	0
60642	0
60643	0
60644	0
60645	0
60646	0
60702	0
60703	0
60704	0
60705	0
60706	0
60707	0
60708	0
60709	0
60710	0
60711	0
60712	0
60713	0
60714	0
60715	0
60716	0
60717	0
60718	0
60719	0
60720	0
60722	0
60723	0
60724	0
60725	0
60726	0
60727	0
60783	0
60784	0
60785	0
60786	0
60787	0
60788	0
60789	0
60790	0
60791	0
60792	0
60793	0
60794	0
60795	0
60796	0
60797	0
60798	0
60799	0
60800	0
60801	0
60802	0
60803	0
60804	0
60805	0
60806	0
60807	0
60808	0
60809	0
60863	0
60864	0
60865	0
60866	0
60867	0
60868	0
60869	0
60870	0
60871	0
60872	0
60873	0
60874	0
60875	0
60876	0
60877	0
60878	0
60879	0
60880	0
60881	0
60882	0
60883	0
60884	0
60885	0
60886	0
60887	0
60888	0
60889	0
60944	0
60945	0
60946	0
60947	0
60948	0
60949	0
60950	0
60951	0
60952	0
60953	0
60954	0
60955	0
60956	0
60957	0
60958	0
60959	0
60960	0
60961	0
60962	0
60963	0
60964	0
60965	0
60966	0
60967	0
60968	0
60969	0
60970	0
60971	0
61025	0
61026	0
61027	0
61028	0
61029	0
61030	0
61031	0
61032	0
61033	0
61034	0
61035	0
61036	0
61037	0
61038	0
61039	0
61040	0
61041	0
61042	0
61043	0
61044	0
61045	0
61046	0
61047	0
61048	0
61049	0
61050	0
61051	0
61052	0
61105	0
61106	0
61107	0
61108	0
61109	0
61110	0
61111	0
61112	0
61113	0
61114	0
61115	0
61116	0
61117	0
61118	0
61119	0
61120	0
61121	0
61122	0
61123	0
61124	0
61125	0
61126	0
61127	0
61128	0
61129	0
61130	0
61131	0
61132	0
61187	0
61188	0
61189	0
61190	0
61191	0
61192	0
61193	0
61194	0
61195	0
61196	0
61197	0
61198	0
61199	0
61200	0
61201	0
61202	0
61203	0
61204	0
61205	0
61206	0
61207	0
61208	0
61209	0
61210	0
61211	0
61212	0
61213	0
61268	0
61269	0
61270	0
61271	0
61272	0
61273	0
61274	0
61275	0
61276	0
61277	0
61278	0
61279	0
61280	0
61281	0
61282	0
61283	0
61284	0
61285	0
61286	0
61287	0
61288	0
61289	0
61290	0
61291	0
61292	0
61293	0
61294	0
61348	0
61349	0
61350	0
61351	0
61352	0
61353	0
61354	0
61355	0
61356	0
61357	0
61358	0
61359	0
61360	0
61361	0
61362	0
61363	0
61364	0
61365	0
61366	0
61367	0
61368	0
61369	0
61370	0
61371	0
61372	0
61373	0
61374	0
61375	0
61430	0
61431	0
61432	0
61433	0
61434	0
61435	0
61436	0
61437	0
61438	0
61439	0
61440	0
61441	0
61442	0
61443	0
61444	0
61445	0
61446	0
61447	0
61448	0
61449	0
61450	0
61451	0
61452	0
61453	0
61454	0
61455	0
61456	0
61511	0
61512	0
61513	0
61514	0
61515	0
61516	0
61517	0
61518	0
61519	0
61520	0
61521	0
61522	0
61523	0
61524	0
61525	0
61526	0
61527	0
61528	0
61529	0
61530	0
61531	0
61532	0
61533	0
61534	0
61535	0
61536	0
61537	0
61592	0
61593	0
61594	0
61595	0
61596	0
61597	0
61598	0
61599	0
61600	0
61601	0
61602	0
61603	0
61604	0
61605	0
61606	0
61607	0
61608	0
61609	0
61610	0
61611	0
61612	0
61613	0
61614	0
61615	0
61616	0
61617	0
61673	0
61674	0
61675	0
61676	0
61677	0
61678	0
61679	0
61680	0
61681	0
61682	0
61683	0
61684	0
61685	0
61686	0
61687	0
61688	0
61689	0
61690	0
61691	0
61692	0
61693	0
61694	0
61695	0
61696	0
61697	0
61698	0
61699	0
61755	0
61756	0
61757	0
61758	0
61759	0
61760	0
61761	0
61762	0
61763	0
61764	0
61765	0
61766	0
61767	0
61768	0
61769	0
61770	0
61771	0
61772	1
61773	0
61774	0
61775	0
61776	0
61777	0
61778	0
61779	0
61780	0
61835	0
61836	0
61837	0
61838	0
61839	0
61840	0
61841	0
61842	0
61843	0
61844	0
61845	0
61846	0
61847	0
61848	0
61849	0
61850	0
61851	0
61852	1
61853	1
61854	1
61855	0
61856	0
61857	0
61858	0
61859	0
61860	0
61861	0
61917	0
61918	0
61919	0
61920	0
61921	0
61922	0
61923	0
61924	0
61925	0
61926	0
61927	0
61928	0
61929	0
61930	0
61931	0
61932	0
61933	0
61934	1
61935	1
61936	1
61937	0
61938	0
61939	0
61940	0
61941	0
61942	0
61947	0
61998	0
61999	0
62000	0
62001	0
62002	0
62003	0
62004	0
62005	0
62006	0
62007	0
62008	0
62009	0
62010	0
62011	0
62012	0
62013	0
62014	0
62015	1
62016	1
62017	1
62018	1
62019	1
62020	0
62021	0
62022	0
62023	0
62029	0
62079	0
62080	0
62081	0
62082	0
62083	0
62084	0
62085	0
62086	0
62087	0
62088	0
62089	0
62090	0
62091	0
62092	0
62093	0
62094	0
62095	1
62096	1
62097	1
62098	1
62099	1
62100	0
62101	0
62102	0
62103	0
62104	0
62109	0
62160	0
62161	0
62162	0
62163	0
62164	0
62165	0
62166	0
62167	0
62168	0
62169	0
62170	0
62171	0
62172	0
62173	0
62174	0
62175	0
62176	1
62177	1
62178	1
62179	1
62180	0
62181	1
62182	0
62183	0
62184	0
62185	0
62189	0
62190	0
62191	0
62242	0
62243	0
62244	0
62245	0
62246	0
62247	0
62248	0
62249	0
62250	0
62251	0
62252	0
62253	0
62254	0
62255	0
62256	0
62257	1
62259	1
62260	1
62261	1
62262	0
62263	0
62264	0
62265	0
62266	0
62267	0
62271	0
62272	0
62322	0
62323	0
62324	0
62325	0
62326	0
62327	0
62328	0
62329	0
62330	0
62331	0
62332	0
62333	0
62334	0
62335	0
62336	1
62337	0
62338	1
62339	1
62340	1
62341	1
62342	0
62343	0
62344	0
62345	0
62346	0
62347	0
62351	0
62352	0
62353	0
62404	0
62405	0
62406	0
62407	0
62408	0
62409	0
62410	0
62411	0
62412	0
62413	0
62414	0
62415	0
62416	0
62417	0
62418	1
62419	1
62420	1
62421	1
62422	1
62423	1
62424	0
62425	0
62426	0
62427	0
62428	0
62429	0
62432	0
62433	0
62434	0
62485	0
62486	0
62487	0
62488	0
62489	0
62490	0
62491	0
62492	0
62493	0
62494	0
62495	0
62496	0
62497	1
62498	0
62499	1
62500	1
62501	1
62502	1
62503	1
62504	1
62505	0
62506	0
62508	0
62509	0
62510	0
62511	0
62512	0
62513	0
62514	0
62515	0
62516	0
62566	0
62567	0
62568	0
62569	0
62570	0
62571	0
62572	0
62573	0
62574	0
62575	0
62576	0
62577	1
62578	1
62579	1
62580	1
62581	1
62582	1
62583	1
62584	1
62585	0
62586	0
62587	0
62588	0
62589	0
62590	0
62591	0
62592	0
62593	0
62594	0
62595	0
62596	0
62647	0
62648	0
62649	0
62650	0
62651	0
62652	0
62653	0
62654	0
62655	0
62656	0
62657	0
62658	1
62659	1
62660	1
62661	1
62662	1
62663	1
62664	1
62665	1
62666	1
62667	0
62668	0
62669	0
62670	0
62671	0
62672	0
62673	0
62674	0
62675	0
62676	0
62677	0
62678	0
62729	0
62730	0
62731	0
62732	0
62733	0
62734	0
62735	0
62736	0
62737	0
62738	0
62739	1
62740	1
62741	1
62742	1
62743	1
62744	1
62745	1
62746	1
62747	1
62748	0
62749	0
62750	0
62751	0
62752	0
62753	0
62754	0
62755	0
62756	0
62757	0
62758	0
62759	0
62809	0
62810	0
62811	0
62812	0
62813	0
62814	0
62815	0
62816	0
62817	0
62818	0
62819	0
62820	1
62821	1
62822	1
62823	1
62824	1
62825	1
62826	1
62827	1
62828	1
62829	0
62830	0
62831	0
62832	0
62833	0
62834	0
62835	0
62836	0
62837	0
62838	0
62839	0
62840	0
62891	0
62892	0
62893	0
62894	0
62895	0
62896	0
62897	0
62898	0
62899	0
62900	0
62901	1
62902	1
62903	1
62904	1
62905	1
62906	1
62907	1
62908	1
62909	0
62910	0
62911	0
62912	0
62913	0
62914	0
62915	0
62916	0
62917	0
62918	0
62919	0
62920	0
62921	0
62972	0
62973	0
62974	0
62975	0
62976	0
62977	0
62978	0
62979	0
62980	0
62981	0
62982	1
62983	1
62984	1
62985	1
62986	1
62987	1
62988	0
62989	1
62990	0
62991	0
62992	0
62993	0
62994	0
62995	0
62996	0
62997	0
62998	0
62999	0
63000	0
63001	0
63002	0
63003	0
63053	0
63054	0
63055	0
63056	0
63057	0
63058	0
63059	0
63060	0
63061	0
63062	0
63063	1
63064	1
63065	1
63066	1
63067	1
63068	0
63069	0
63070	1
63071	0
63072	0
63074	0
63075	0
63076	0
63077	0
63078	0
63079	0
63080	0
63081	0
63082	0
63083	0
63134	0
63135	0
63136	0
63137	0
63138	0
63139	0
63140	0
63141	0
63142	0
63143	0
63145	1
63146	1
63147	1
63148	1
63149	1
63150	0
63151	0
63152	0
63153	0
63154	0
63155	0
63156	0
63157	0
63158	0
63159	0
63160	0
63161	0
63162	0
63163	0
63164	0
63165	0
63216	0
63217	0
63218	0
63219	0
63220	0
63221	0
63222	0
63223	0
63226	1
63227	1
63228	1
63229	1
63230	1
63231	0
63232	0
63233	0
63234	0
63235	0
63236	0
63237	0
63238	0
63239	0
63240	0
63241	0
63242	0
63243	0
63244	0
63245	0
63246	0
63296	0
63297	0
63298	0
63299	0
63300	0
63301	0
63302	0
63307	1
63308	1
63309	1
63310	1
63311	1
63312	0
63313	0
63314	0
63315	0
63316	0
63317	0
63318	0
63319	0
63320	0
63321	0
63322	0
63323	0
63324	0
63325	0
63326	0
63327	0
63378	0
63379	0
63380	0
63381	0
63382	0
63383	0
63389	1
63390	1
63391	1
63392	1
63393	0
63394	0
63395	0
63396	0
63397	0
63398	0
63399	0
63400	0
63401	0
63402	0
63403	0
63404	0
63405	0
63406	0
63407	0
63408	0
63459	0
63460	0
63461	0
63462	0
63463	0
63470	1
63471	1
63472	1
63473	1
63474	1
63475	0
63476	0
63477	0
63478	0
63479	0
63480	0
63481	0
63482	0
63483	0
63484	0
63485	0
63486	0
63487	0
63488	0
63489	0
63490	0
63540	0
63541	0
63542	0
63543	0
63550	1
63551	1
63552	1
63553	1
63554	1
63555	0
63556	0
63557	0
63558	0
63559	0
63560	0
63561	0
63562	0
63563	0
63564	0
63565	0
63566	0
63567	0
63568	0
63569	0
63570	0
63621	0
63622	0
63623	0
63625	0
63632	1
63633	1
63634	1
63635	1
63636	0
63637	0
63638	0
63639	0
63640	0
63641	0
63642	0
63643	0
63644	0
63645	0
63646	0
63647	0
63648	0
63649	0
63650	0
63651	0
63652	0
63703	0
63704	0
63707	0
63713	1
63714	1
63715	1
63716	1
63717	1
63718	0
63719	0
63720	0
63721	0
63722	0
63723	0
63724	0
63725	0
63726	0
63727	0
63728	0
63729	0
63730	0
63731	0
63732	0
63733	0
63783	0
63784	0
63785	0
63793	1
63794	1
63795	1
63796	1
63797	1
63798	0
63799	0
63800	0
63801	0
63802	0
63803	0
63804	0
63805	0
63806	0
63807	0
63808	0
63809	0
63810	0
63811	0
63812	0
63813	0
63814	0
63865	0
63866	0
63873	1
63874	1
63875	1
63876	1
63877	1
63878	1
63879	1
63880	0
63881	0
63882	0
63883	0
63884	0
63885	0
63886	0
63887	0
63888	0
63889	0
63890	0
63894	0
63895	0
63946	0
63947	0
63948	0
63954	1
63955	1
63956	1
63957	1
63958	1
63959	1
63960	0
63961	0
63962	0
63963	0
63964	0
63965	0
63967	0
63968	0
63969	0
63970	0
63971	0
63976	0
64027	0
64028	0
64034	1
64035	1
64036	1
64037	1
64038	1
64039	1
64040	1
64041	0
64042	0
64043	0
64044	0
64045	0
64048	0
64049	0
64050	0
64051	0
64056	0
64109	0
64110	0
64115	1
64116	1
64117	1
64118	1
64119	1
64120	1
64121	1
64122	0
64123	0
64124	0
64125	0
64126	0
64127	0
64131	0
64191	0
64196	1
64197	1
64198	1
64199	1
64200	1
64201	1
64202	0
64203	0
64204	0
64205	0
64206	0
64207	0
64208	0
64272	0
64276	1
64277	1
64278	1
64279	1
64280	0
64281	1
64282	1
64283	0
64284	0
64285	0
64286	0
64287	0
64288	0
64293	0
64358	1
64359	1
64360	1
64361	1
64362	0
64363	0
64364	0
64365	0
64366	0
64367	0
64368	0
64369	0
64439	1
64440	1
64441	1
64442	1
64443	0
64444	0
64445	0
64446	0
64447	0
64448	0
64449	0
64450	0
64451	0
64519	1
64520	1
64521	1
64522	1
64523	1
64524	0
64525	0
64526	0
64527	0
64528	0
64529	0
64530	0
64531	0
64601	1
64602	1
64603	1
64604	1
64605	0
64606	0
64607	0
64608	0
64609	0
64610	0
64611	0
64612	0
64682	1
64683	1
64684	1
64685	1
64686	0
64687	0
64688	0
64689	0
64690	0
64691	0
64692	0
64693	0
64694	0
64763	1
64764	1
64765	1
64766	1
64767	0
64768	0
64769	0
64770	0
64771	0
64772	0
64773	0
64774	0
64844	1
64845	1
64846	1
64847	1
64848	1
64849	0
64850	0
64851	0
64852	0
64853	0
64854	0
64855	0
64856	0
64926	1
64927	1
64928	1
64929	1
64930	0
64931	0
64932	0
64933	0
64934	0
64935	0
64936	0
64937	0
65007	1
65008	1
65009	1
65010	1
65011	0
65012	0
65013	0
65014	0
65015	0
65016	0
65017	0
65018	0
65088	1
65089	1
65090	1
65091	1
65092	0
65093	0
65094	0
65095	0
65096	0
65097	0
65098	0
65099	0
65103	0
65104	0
65170	1
65171	1
65172	1
65173	1
65174	0
65175	0
65176	0
65177	0
65178	0
65179	0
65180	0
65181	0
65182	0
65183	0
65184	0
65185	0
65251	1
65252	1
65253	1
65254	0
65255	0
65256	0
65257	0
65258	0
65259	0
65260	0
65261	0
65262	0
65263	0
65264	0
65265	0
65266	0
65332	1
65333	1
65334	1
65335	0
65336	0
65337	0
65338	0
65339	0
65340	0
65341	0
65342	0
65343	0
65344	0
65345	0
65346	0
65347	0
65413	1
65414	1
65415	1
65416	0
65417	0
65418	0
65419	0
65420	0
65421	0
65422	0
65423	0
65424	0
65425	0
65426	0
65427	0
65428	0
65429	0
65492	1
65493	1
65494	1
65495	1
65496	1
65497	0
65498	0
65499	0
65500	0
65501	0
65502	0
65503	0
65504	0
65505	0
65506	0
65507	0
65508	0
65509	0
65574	1
65575	1
65576	1
65577	0
65578	0
65579	0
65580	0
65581	0
65582	0
65583	0
65584	0
65585	0
65586	0
65587	0
65588	0
65589	0
65590	0
65591	0
65655	1
65656	1
65657	1
65658	1
65659	0
65660	0
65661	0
65662	0
65663	0
65664	0
65665	0
65666	0
65667	0
65668	0
65669	0
65670	0
65671	0
65672	0
65736	1
65737	1
65738	1
65739	0
65740	0
65741	0
65742	0
65743	0
65744	0
65745	0
65746	0
65747	0
65748	0
65749	0
65750	0
65751	0
65752	0
65753	0
65817	1
65818	1
65819	1
65820	0
65821	0
65822	0
65823	0
65824	0
65825	0
65826	0
65827	0
65828	0
65829	0
65830	0
65831	0
65832	0
65833	0
65834	0
65899	1
65900	1
65901	1
65902	0
65903	0
65904	0
65905	0
65906	0
65907	0
65908	0
65909	0
65910	0
65911	0
65912	0
65913	0
65914	0
65915	0
65916	0
65979	1
65980	1
65981	1
65982	0
65983	0
65984	0
65985	0
65986	0
65987	0
65988	0
65989	0
65990	0
65991	0
65992	0
65993	0
65994	0
65995	0
65996	0
66060	1
66061	1
66062	1
66063	1
66064	0
66065	0
66066	0
66067	0
66068	0
66069	0
66070	0
66071	0
66072	0
66073	0
66074	0
66075	0
66076	0
66077	0
66142	1
66143	1
66144	1
66145	0
66146	0
66147	0
66148	0
66149	0
66150	0
66151	0
66152	0
66153	0
66154	0
66155	0
66156	0
66157	0
66158	0
66222	1
66223	1
66224	1
66225	1
66226	0
66227	0
66228	0
66229	0
66230	0
66231	0
66232	0
66233	0
66234	0
66235	0
66236	0
66237	0
66238	0
66304	1
66305	1
66306	1
66307	0
66308	0
66309	0
66310	0
66311	0
66312	0
66313	0
66314	0
66315	0
66316	0
66317	0
66318	0
66319	0
66385	1
66386	1
66387	1
66388	1
66389	0
66390	0
66391	0
66392	0
66393	0
66394	0
66395	0
66396	0
66397	0
66398	0
66399	0
66400	0
66466	1
66467	1
66468	1
66469	0
66470	0
66471	0
66472	0
66473	0
66474	0
66475	0
66476	0
66477	0
66478	0
66479	0
66480	0
66481	0
66547	1
66548	1
66549	1
66550	1
66551	0
66552	0
66553	0
66554	0
66555	0
66556	0
66557	0
66558	0
66559	0
66560	0
66561	0
66562	0
66628	1
66629	1
66630	1
66631	0
66632	0
66633	0
66634	0
66635	0
66636	0
66637	0
66638	0
66639	0
66640	0
66641	0
66642	0
66643	0
66644	0
66709	1
66710	1
66711	1
66712	0
66713	0
66714	0
66715	0
66716	0
66717	0
66718	0
66719	0
66720	0
66721	0
66722	0
66723	0
66724	0
66790	1
66791	1
66792	1
66793	0
66794	0
66795	0
66796	0
66797	0
66798	0
66799	0
66800	0
66801	0
66802	0
66803	0
66804	0
66805	0
66806	0
66872	1
66873	1
66874	1
66875	0
66876	0
66877	0
66878	0
66879	0
66880	0
66881	0
66882	0
66883	0
66884	0
66885	0
66886	0
66887	0
66953	1
66954	1
66955	0
66956	0
66957	0
66958	0
66959	0
66960	0
66961	0
66962	0
66963	0
66964	0
66965	0
66966	0
66967	0
67034	1
67035	1
67036	1
67037	0
67038	0
67039	0
67040	0
67041	0
67042	0
67043	0
67044	0
67045	0
67046	0
67047	0
67048	0
67116	1
67117	1
67118	0
67119	0
67120	0
67121	0
67122	0
67123	0
67124	0
67125	0
67126	0
67127	0
67128	0
67129	0
67130	0
67196	1
67197	1
67198	1
67199	0
67200	0
67201	0
67202	0
67203	0
67204	0
67205	0
67206	0
67207	0
67208	0
67209	0
67210	0
67278	1
67279	1
67280	1
67281	0
67282	0
67283	0
67284	0
67285	0
67286	0
67287	0
67288	0
67289	0
67290	0
67291	0
67359	1
67360	1
67361	1
67362	1
67363	0
67364	0
67365	0
67366	0
67367	0
67368	0
67369	0
67370	0
67371	0
67372	0
67373	0
67440	1
67441	1
67442	1
67443	0
67444	0
67445	0
67446	0
67447	0
67448	0
67449	0
67450	0
67451	0
67452	0
67453	0
67454	0
67521	1
67522	1
67523	1
67524	1
67525	0
67526	0
67527	0
67528	0
67529	0
67530	0
67531	0
67532	0
67533	0
67534	0
67535	0
67536	0
67603	1
67604	1
67605	1
67606	0
67607	0
67608	0
67609	0
67610	0
67611	0
67612	0
67613	0
67614	0
67615	0
67616	0
67617	0
67618	0
67683	1
67684	1
67685	1
67686	1
67687	0
67688	0
67689	0
67690	0
67691	0
67692	0
67693	0
67694	0
67695	0
67696	0
67697	0
67698	0
67699	0
67765	1
67766	1
67767	1
67768	0
67769	0
67770	0
67771	0
67772	0
67773	0
67774	0
67775	0
67776	0
67777	0
67778	0
67779	0
67780	0
67781	0
67846	1
67847	1
67848	1
67849	0
67850	0
67851	0
67852	0
67853	0
67854	0
67855	0
67856	0
67857	0
67858	0
67859	0
67860	0
67861	0
67862	0
67863	0
67927	1
67928	1
67929	0
67930	0
67931	0
67932	0
67933	0
67934	0
67935	0
67936	0
67937	0
67938	0
67939	0
67940	0
67941	0
67942	0
67943	0
68008	1
68009	1
68010	1
68011	0
68012	0
68013	0
68014	0
68015	0
68016	0
68017	0
68018	0
68019	0
68020	0
68021	0
68022	0
68023	0
68024	0
68025	0
68090	1
68091	1
68092	0
68093	0
68094	0
68095	0
68096	0
68097	0
68098	0
68099	0
68100	0
68101	0
68102	0
68103	0
68104	0
68105	0
68106	0
68170	1
68171	1
68172	1
68173	0
68174	0
68175	0
68176	0
68177	0
68178	0
68179	0
68180	0
68181	0
68182	0
68183	0
68184	0
68185	0
68186	0
68187	0
68251	1
68252	1
68253	1
68254	0
68255	0
68256	0
68257	0
68258	0
68259	0
68260	0
68261	0
68262	0
68263	0
68264	0
68265	0
68266	0
68267	0
68268	0
68332	1
68333	1
68334	1
68335	1
68336	0
68337	0
68338	0
68339	0
68340	0
68341	0
68342	0
68343	0
68344	0
68345	0
68346	0
68347	0
68348	0
68349	0
68350	0
68412	1
68413	1
68414	1
68415	1
68416	0
68417	0
68418	0
68419	0
68420	0
68421	0
68422	0
68423	0
68425	0
68426	0
68427	0
68428	0
68429	0
68430	0
68493	1
68494	1
68495	1
68496	1
68497	1
68498	0
68499	0
68500	0
68501	0
68502	0
68503	0
68504	0
68506	0
68507	0
68508	0
68509	0
68510	0
68511	0
68512	0
68575	1
68576	1
68577	1
68578	1
68579	0
68580	0
68581	0
68582	0
68583	0
68584	0
68585	0
68588	0
68589	0
68590	0
68591	0
68592	0
68593	0
68655	1
68656	1
68657	1
68658	1
68659	1
68660	0
68661	0
68662	0
68663	0
68664	0
68665	0
68668	0
68669	0
68670	0
68671	0
68672	0
68673	0
68674	0
68737	1
68738	1
68739	1
68740	1
68741	1
68742	0
68743	0
68744	0
68745	0
68746	0
68750	0
68751	0
68752	0
68753	0
68754	0
68755	0
68756	0
68818	1
68819	1
68820	1
68821	1
68822	1
68823	1
68824	0
68825	0
68826	0
68827	0
68828	0
68831	0
68832	0
68833	0
68834	0
68835	0
68836	0
68837	0
68838	0
68898	1
68899	1
68900	1
68901	1
68902	1
68903	1
68904	0
68905	0
68906	0
68907	0
68908	0
68909	0
68911	0
68912	0
68913	0
68914	0
68915	0
68916	0
68917	0
68918	0
68919	0
68978	1
68979	1
68980	1
68981	1
68982	1
68983	1
68984	1
68985	1
68986	0
68987	0
68988	0
68989	0
68990	0
68991	0
68993	0
68994	0
68995	0
68996	0
68998	0
68999	0
69000	0
69001	0
69059	1
69061	1
69062	1
69063	1
69064	1
69065	1
69066	1
69067	1
69068	0
69069	0
69070	0
69071	0
69072	0
69073	0
69075	0
69076	0
69077	0
69078	0
69079	0
69080	0
69081	0
69082	0
69083	0
69140	1
69141	1
69142	1
69143	1
69144	1
69145	1
69146	1
69147	1
69148	1
69149	1
69150	0
69151	0
69152	0
69153	0
69155	0
69156	0
69157	0
69158	0
69159	0
69160	0
69161	0
69162	0
69163	0
69164	0
69221	1
69223	1
69224	1
69225	1
69226	1
69227	1
69228	1
69229	1
69230	1
69231	0
69232	0
69233	0
69234	0
69235	0
69237	0
69238	0
69239	0
69240	0
69241	0
69242	0
69243	0
69244	0
69245	0
69302	1
69303	1
69304	1
69305	1
69306	1
69307	1
69308	1
69309	1
69310	1
69311	1
69312	1
69313	0
69314	0
69315	0
69316	0
69317	0
69318	0
69319	0
69320	0
69321	0
69323	0
69324	0
69325	0
69326	0
69327	0
69382	1
69383	1
69384	1
69385	1
69386	1
69387	1
69388	1
69389	1
69390	1
69391	1
69392	1
69393	0
69394	0
69395	0
69396	0
69397	0
69398	0
69399	0
69400	0
69401	0
69402	0
69403	0
69404	0
69405	0
69406	0
69407	0
69464	1
69465	1
69466	1
69467	1
69468	1
69469	1
69470	1
69471	1
69472	1
69473	1
69474	1
69475	1
69476	1
69477	0
69478	0
69479	0
69481	0
69482	0
69483	0
69485	0
69486	0
69487	0
69488	0
69489	0
69545	1
69546	1
69547	1
69548	1
69549	1
69550	1
69551	1
69552	1
69553	1
69554	1
69555	1
69556	1
69557	1
69558	0
69559	0
69560	0
69563	0
69564	0
69565	0
69567	0
69568	0
69569	0
69570	0
69626	1
69627	1
69628	1
69629	1
69630	1
69631	1
69632	1
69633	1
69634	1
69635	1
69636	1
69637	1
69638	1
69639	0
69640	0
69641	0
69643	0
69644	0
69645	0
69646	0
69647	0
69648	0
69649	0
69650	0
69651	0
69708	1
69709	1
69710	1
69711	1
69712	1
69713	1
69714	1
69715	1
69716	1
69717	1
69718	1
69719	1
69720	0
69721	0
69722	0
69723	0
69725	0
69729	0
69730	0
69731	0
69732	0
69789	1
69790	1
69791	1
69792	1
69793	1
69794	1
69795	1
69796	1
69797	1
69798	1
69799	1
69800	1
69801	1
69802	0
69803	0
69804	0
69807	0
69810	0
69811	0
69812	0
69813	0
69814	0
69870	1
69871	1
69872	1
69873	1
69874	1
69875	1
69876	1
69877	1
69878	1
69879	1
69880	1
69881	1
69882	0
69883	0
69884	0
69885	0
69887	0
69891	0
69892	0
69893	0
69894	0
69953	1
69954	1
69955	1
69956	1
69957	1
69958	1
69959	1
69960	1
69961	1
69962	1
69963	1
69964	0
69965	0
69966	0
69972	0
69973	0
69974	0
69975	0
69976	0
70031	1
70033	1
70034	1
70035	1
70036	1
70037	1
70038	1
70039	1
70040	1
70041	1
70042	1
70043	1
70044	1
70045	0
70046	0
70047	0
70048	0
70054	0
70055	0
70056	0
70057	0
70109	1
70110	1
70111	1
70112	1
70113	1
70114	1
70115	1
70116	1
70117	1
70118	1
70119	1
70120	1
70121	1
70122	1
70123	1
70124	1
70125	1
70126	0
70127	0
70128	0
70129	0
70134	0
70135	0
70136	0
70137	0
70138	0
70189	1
70190	1
70191	1
70192	1
70193	1
70194	1
70195	1
70196	1
70197	1
70198	1
70199	1
70200	1
70201	1
70202	1
70203	1
70204	1
70205	1
70206	1
70207	0
70208	0
70209	0
70210	0
70216	0
70217	0
70219	0
70270	1
70271	1
70272	1
70273	1
70274	1
70275	1
70276	1
70277	1
70278	1
70279	1
70280	1
70281	1
70282	1
70283	1
70284	1
70285	1
70286	1
70287	1
70288	1
70289	0
70290	0
70291	0
70297	0
70298	0
70299	0
70300	0
70301	0
70350	1
70351	1
70352	1
70353	1
70354	1
70355	1
70356	1
70357	1
70358	1
70359	1
70360	1
70361	1
70362	1
70363	1
70364	1
70365	1
70366	1
70367	1
70368	1
70369	1
70370	0
70371	0
70372	0
70378	0
70379	0
70380	0
70381	0
70431	1
70432	1
70433	1
70434	1
70435	1
70436	1
70437	1
70438	1
70439	1
70440	1
70441	1
70442	1
70443	1
70444	1
70445	1
70446	1
70447	1
70448	1
70449	1
70450	1
70451	1
70452	0
70453	0
70460	0
70461	0
70462	0
70463	0
70511	1
70512	1
70513	1
70514	1
70515	1
70516	1
70517	1
70518	1
70519	1
70520	1
70521	1
70522	1
70523	1
70524	1
70525	1
70526	1
70527	1
70528	1
70529	1
70530	1
70531	1
70532	1
70533	0
70534	0
70535	0
70541	0
70542	0
70544	0
70591	1
70592	1
70593	1
70594	1
70595	1
70596	1
70597	1
70598	1
70599	1
70600	1
70601	1
70602	1
70603	1
70604	1
70605	1
70606	1
70607	1
70608	1
70609	1
70610	1
70611	1
70612	1
70613	1
70614	0
70615	0
70623	0
70624	0
70625	0
70672	1
70673	1
70674	1
70675	1
70676	1
70677	1
70678	1
70679	1
70680	1
70681	1
70682	1
70683	1
70684	1
70685	1
70686	1
70687	1
70688	1
70689	1
70690	1
70691	1
70692	1
70693	1
70694	1
70695	1
70696	0
70704	0
70705	0
70706	0
70753	1
70754	1
70755	1
70756	1
70757	1
70758	1
70759	1
70760	1
70761	1
70762	1
70763	1
70764	1
70765	1
70766	1
70767	1
70768	1
70769	1
70770	1
70771	1
70772	1
70773	1
70774	1
70775	1
70776	1
70777	1
70778	1
70779	0
70787	0
70788	0
70833	1
70834	1
70835	1
70836	1
70837	1
70838	1
70839	1
70840	1
70841	1
70842	1
70843	1
70844	1
70845	1
70846	1
70847	1
70848	1
70849	1
70850	1
70851	1
70852	1
70853	1
70854	1
70855	1
70856	1
70857	1
70858	1
70864	0
70866	0
70867	0
70868	0
70913	1
70914	1
70915	1
70916	1
70917	1
70918	1
70919	1
70920	1
70921	1
70922	1
70923	1
70924	1
70925	1
70926	1
70927	1
70928	1
70929	1
70930	1
70931	1
70932	1
70933	1
70934	1
70935	1
70936	1
70937	1
70938	1
70939	1
70940	1
70945	0
70946	0
70949	0
70950	0
70994	1
70995	1
70996	1
70997	1
70998	1
70999	1
71000	1
71001	1
71002	1
71003	1
71004	1
71005	1
71006	1
71007	1
71008	1
71009	1
71010	1
71011	1
71012	1
71013	1
71014	1
71015	1
71016	1
71017	1
71018	1
71019	1
71020	1
71021	1
71027	0
71029	0
71030	0
71031	0
71074	1
71075	1
71076	1
71077	1
71078	1
71079	1
71080	1
71081	1
71082	1
71083	1
71084	1
71085	1
71086	1
71087	1
71088	1
71089	1
71090	1
71091	1
71092	1
71093	1
71094	1
71095	1
71096	1
71097	1
71098	1
71099	1
71100	1
71101	1
71107	0
71108	0
71112	0
71155	1
71156	1
71157	1
71158	1
71159	1
71160	1
71161	1
71162	1
71163	1
71164	1
71165	1
71166	1
71167	1
71168	1
71169	1
71170	1
71171	1
71172	1
71173	1
71174	1
71175	1
71176	1
71177	1
71178	1
71179	1
71180	1
71181	1
71182	1
71188	0
71189	0
71190	0
71192	0
71236	1
71237	1
71238	1
71239	1
71240	1
71241	1
71242	1
71243	1
71244	1
71245	1
71246	1
71247	1
71248	1
71249	1
71250	1
71251	1
71252	1
71253	1
71254	1
71255	1
71256	1
71257	1
71258	1
71259	1
71260	1
71261	1
71262	1
71263	1
71269	0
71270	0
71271	0
71275	0
71316	1
71317	1
71318	1
71319	1
71320	1
71321	1
71322	1
71323	1
71324	1
71325	1
71326	1
71327	1
71328	1
71329	1
71330	1
71331	1
71332	1
71333	1
71334	1
71335	1
71336	1
71337	1
71338	1
71339	1
71340	1
71341	1
71342	1
71343	1
71349	0
71350	0
71351	0
71352	0
71354	0
71355	0
71398	1
71399	1
71400	1
71401	1
71402	1
71403	1
71404	1
71405	1
71406	1
71407	1
71408	1
71409	1
71410	1
71411	1
71412	1
71413	1
71414	1
71415	1
71416	1
71417	1
71418	1
71419	1
71420	1
71421	1
71422	1
71423	1
71424	1
71431	0
71432	0
71433	0
71436	0
71437	0
71479	1
71480	1
71481	1
71482	1
71483	1
71484	1
71485	1
71486	1
71487	1
71488	1
71489	1
71490	1
71491	1
71492	1
71493	1
71494	1
71495	1
71496	1
71497	1
71498	1
71499	1
71500	1
71501	1
71502	1
71503	1
71504	1
71505	1
71506	1
71512	0
71513	0
71514	0
71515	0
71518	0
71560	1
71561	1
71562	1
71563	1
71564	1
71565	1
71566	1
71567	1
71568	1
71569	1
71570	1
71571	1
71572	1
71573	1
71574	1
71575	1
71576	1
71577	1
71578	1
71579	1
71580	1
71581	1
71582	1
71583	1
71584	1
71585	1
71586	1
71593	0
71594	0
71595	0
71596	0
71598	0
71599	0
71642	1
71643	1
71644	1
71645	1
71646	1
71647	1
71648	1
71649	1
71650	1
71651	1
71652	1
71653	1
71654	1
71655	1
71656	1
71657	1
71658	1
71659	1
71660	1
71661	1
71662	1
71663	1
71664	1
71665	1
71666	1
71667	1
71674	0
71675	0
71676	0
71677	0
71678	0
71680	0
71724	1
71725	1
71726	1
71727	1
71728	1
71729	1
71730	1
71731	1
71732	1
71733	1
71734	1
71735	1
71736	1
71737	1
71738	1
71739	1
71740	1
71741	1
71742	1
71743	1
71744	1
71745	1
71746	1
71747	1
71748	1
71756	0
71757	0
71758	0
71759	0
71760	0
71762	0
71805	1
71806	1
71807	1
71808	1
71809	1
71810	1
71811	1
71812	1
71813	1
71814	1
71815	1
71816	1
71817	1
71818	1
71819	1
71820	1
71821	1
71822	1
71823	1
71824	1
71825	1
71826	1
71827	1
71828	1
71829	1
71836	0
71837	0
71838	0
71839	0
71840	0
71842	0
71887	1
71888	1
71889	1
71890	1
71891	1
71892	1
71893	1
71894	1
71895	1
71896	1
71897	1
71898	1
71899	1
71900	1
71901	1
71902	1
71903	1
71904	1
71905	1
71906	1
71907	1
71908	1
71909	1
71910	1
71917	0
71918	0
71919	0
71920	0
71921	0
71922	0
71924	0
71969	1
71970	1
71971	1
71972	1
71973	1
71974	1
71975	1
71976	1
71977	1
71978	1
71979	1
71980	1
71981	1
71982	1
71983	1
71984	1
71985	1
71986	1
71987	1
71988	1
71989	1
71990	1
71991	1
71999	0
72000	0
72001	0
72002	0
72003	0
72005	0
72049	1
72050	1
72051	1
72052	1
72053	1
72054	1
72055	1
72056	1
72057	1
72058	1
72059	1
72060	1
72061	1
72062	1
72063	1
72064	1
72065	1
72066	1
72067	1
72068	1
72069	1
72070	1
72071	1
72072	1
72079	0
72080	0
72081	0
72082	0
72083	0
72084	0
72086	0
72127	1
72128	1
72131	1
72132	1
72133	1
72134	1
72135	1
72136	1
72137	1
72138	1
72139	1
72140	1
72141	1
72142	1
72143	1
72144	1
72145	1
72146	1
72147	1
72148	1
72149	1
72150	1
72151	1
72152	1
72153	1
72161	0
72162	0
72163	0
72164	0
72165	0
72166	0
72167	0
72208	1
72209	1
72210	1
72215	1
72216	1
72217	1
72218	1
72219	1
72220	1
72221	1
72222	1
72223	1
72224	1
72225	1
72226	1
72227	1
72228	1
72229	1
72230	1
72231	1
72232	1
72233	1
72234	1
72242	0
72243	0
72244	0
72245	0
72246	0
72247	0
72249	0
72288	1
72289	1
72290	1
72291	1
72296	1
72297	1
72299	1
72300	1
72301	1
72302	1
72303	1
72304	1
72305	1
72306	1
72307	1
72308	1
72309	1
72310	1
72311	1
72312	1
72313	1
72314	1
72315	1
72323	0
72324	0
72325	0
72326	0
72327	0
72328	0
72369	1
72370	1
72371	1
72372	1
72373	1
72381	1
72382	1
72383	1
72384	1
72385	1
72386	1
72387	1
72388	1
72389	1
72390	1
72391	1
72392	1
72393	1
72394	1
72395	1
72396	1
72404	0
72405	0
72406	0
72407	0
72408	0
72409	0
72410	0
72411	0
72451	1
72452	1
72453	1
72454	1
72462	1
72463	1
72464	1
72465	1
72466	1
72467	1
72468	1
72469	1
72470	1
72471	1
72472	1
72473	1
72474	1
72475	1
72476	1
72477	1
72478	1
72486	0
72487	0
72488	0
72489	0
72490	0
72491	0
72532	1
72533	1
72534	1
72543	1
72544	1
72545	1
72546	1
72547	1
72548	1
72549	1
72550	1
72551	1
72552	1
72553	1
72554	1
72555	1
72556	1
72557	1
72558	1
72566	0
72567	0
72568	0
72569	0
72570	0
72571	0
72572	0
72573	0
72613	1
72614	1
72615	1
72625	1
72626	1
72627	1
72628	1
72629	1
72630	1
72631	1
72632	1
72633	1
72634	1
72635	1
72636	1
72637	1
72638	1
72639	1
72647	0
72648	0
72649	0
72650	0
72651	0
72652	0
72653	0
72695	1
72696	1
72707	1
72708	1
72709	1
72710	1
72711	1
72712	1
72713	1
72714	1
72715	1
72716	1
72717	1
72718	1
72719	1
72720	1
72721	1
72729	0
72730	0
72731	0
72732	0
72733	0
72734	0
72735	0
72776	1
72787	1
72788	1
72789	1
72790	1
72791	1
72792	1
72793	1
72794	1
72795	1
72796	1
72797	1
72798	1
72799	1
72800	1
72801	1
72809	0
72810	0
72811	0
72812	0
72813	0
72814	0
72815	0
72869	1
72870	1
72871	1
72872	1
72873	1
72874	1
72875	1
72876	1
72877	1
72878	1
72879	1
72880	1
72881	1
72882	1
72883	1
72891	0
72892	0
72893	0
72894	0
72895	0
72896	0
72950	1
72951	1
72952	1
72953	1
72954	1
72955	1
72956	1
72957	1
72958	1
72959	1
72960	1
72961	1
72962	1
72963	1
72964	1
72973	0
72974	0
72975	0
72976	0
72977	0
73031	1
73032	1
73033	1
73034	1
73035	1
73036	1
73037	1
73038	1
73039	1
73040	1
73041	1
73042	1
73043	1
73044	1
73053	0
73054	0
73055	0
73056	0
73057	0
73113	1
73114	1
73115	1
73116	1
73117	1
73118	1
73119	1
73120	1
73121	1
73122	1
73123	1
73124	1
73125	1
73126	1
73135	0
73136	0
73137	0
73138	0
73139	0
73195	1
73196	1
73197	1
73198	1
73199	1
73200	1
73201	1
73202	1
73203	1
73204	1
73205	1
73206	1
73207	1
73216	0
73217	0
73218	0
73219	0
73220	0
73276	1
73277	1
73278	1
73279	1
73280	1
73281	1
73282	1
73283	1
73284	1
73285	1
73286	1
73287	1
73297	0
73298	0
73299	0
73300	0
73357	1
73358	1
73359	1
73360	1
73361	1
73362	1
73363	1
73364	1
73365	1
73366	1
73367	1
73368	1
73369	1
73379	0
73380	0
73381	0
73439	1
73440	1
73441	1
73442	1
73443	1
73444	1
73445	1
73446	1
73447	1
73448	1
73449	1
73450	1
73460	0
73461	0
73462	0
73463	0
73520	1
73521	1
73522	1
73523	1
73524	1
73525	1
73526	1
73527	1
73528	1
73529	1
73530	1
73531	1
73541	0
73542	0
73543	0
73602	1
73603	1
73604	1
73605	1
73606	1
73607	1
73608	1
73609	1
73610	1
73611	1
73612	1
73623	0
73624	0
73683	1
73684	1
73685	1
73686	1
73687	1
73688	1
73689	1
73690	1
73691	1
73692	1
73693	1
73694	1
73704	0
73705	0
73706	0
73764	1
73765	1
73766	1
73767	1
73768	1
73769	1
73770	1
73771	1
73772	1
73773	1
73774	1
73785	0
73786	0
73846	1
73847	1
73848	1
73849	1
73850	1
73851	1
73852	1
73853	1
73854	1
73855	1
73856	1
73867	0
73928	1
73929	1
73930	1
73931	1
73932	1
73933	1
73934	1
73935	1
73936	1
73937	1
73948	0
73949	0
74009	1
74010	1
74011	1
74012	1
74013	1
74014	1
74015	1
74016	1
74017	1
74018	1
74029	0
74091	1
74092	1
74093	1
74094	1
74095	1
74096	1
74097	1
74098	1
74099	1
74111	0
74172	1
74173	1
74174	1
74175	1
74176	1
74177	1
74178	1
74179	1
74180	1
74253	1
74254	1
74255	1
74256	1
74257	1
74258	1
74259	1
74260	1
74261	1
74334	1
74335	1
74336	1
74337	1
74338	1
74339	1
74340	1
74341	1
74342	1
74416	1
74417	1
74418	1
74419	1
74420	1
74421	1
74422	1
74423	1
74424	1
74497	1
74498	1
74499	1
74500	1
74501	1
74502	1
74503	1
74504	1
74580	1
74581	1
74582	1
74583	1
74584	1
74585	1
74586	1
74661	1
74662	1
74663	1
74664	1
74665	1
74666	1
74667	1
74742	1
74743	1
74744	1
74745	1
74746	1
74747	1
74748	1
74824	1
74825	1
74826	1
74827	1
74828	1
74829	1
74905	1
74906	1
74907	1
74908	1
74909	1
74910	1
74911	1
74986	1
74987	1
74988	1
74989	1
74990	1
74991	1
75067	1
75068	1
75069	1
75070	1
75071	1
75072	1
75073	1
75149	1
75150	1
75151	1
75152	1
75153	1
75154	1
75229	1
75230	1
75231	1
75232	1
75233	1
75234	1
75235	1
75248	0
75311	1
75312	1
75313	1
75314	1
75315	1
75316	1
75329	0
75393	1
75394	1
75395	1
75396	1
75397	1
75398	1
75411	0
75473	1
75474	1
75475	1
75476	1
75477	1
75478	1
75479	1
75491	0
75492	0
75555	1
75556	1
75557	1
75558	1
75559	1
75560	1
75573	0
75637	1
75638	1
75639	1
75640	1
75641	1
75642	1
75654	0
75655	0
75717	1
75718	1
75719	1
75720	1
75721	1
75722	1
75734	0
75735	0
75799	1
75800	1
75801	1
75802	1
75803	1
75804	1
75816	0
75881	1
75882	1
75883	1
75884	1
75885	1
75886	1
75897	0
75898	0
75962	1
75963	1
75964	1
75965	1
75966	1
75977	0
75978	0
76043	1
76044	1
76045	1
76046	1
76047	1
76059	0
76060	0
76124	1
76125	1
76126	1
76127	1
76128	1
76129	1
76140	0
76141	0
76204	1
76205	1
76206	1
76207	1
76208	1
76209	1
76210	1
76221	0
76285	1
76286	1
76287	1
76288	1
76289	1
76290	1
76291	1
76302	0
76366	1
76367	1
76368	1
76369	1
76370	1
76371	1
76372	1
76373	1
76384	0
76446	1
76447	1
76448	1
76449	1
76450	1
76451	1
76452	1
76453	1
76454	1
76464	0
76528	1
76529	1
76530	1
76531	1
76532	1
76533	1
76534	1
76535	1
76536	1
76546	0
76609	1
76610	1
76611	1
76612	1
76613	1
76614	1
76615	1
76616	1
76617	1
76688	1
76689	1
76690	1
76691	1
76692	1
76693	1
76694	1
76695	1
76696	1
76697	1
76698	1
76708	0
76769	1
76770	1
76771	1
76772	1
76773	1
76774	1
76775	1
76776	1
76777	1
76778	1
76779	1
76780	1
76847	1
76848	1
76850	1
76851	1
76852	1
76853	1
76854	1
76855	1
76856	1
76857	1
76858	1
76859	1
76860	1
76861	1
76862	1
76927	1
76928	1
76929	1
76930	1
76931	1
76932	1
76933	1
76934	1
76935	1
76936	1
76937	1
76938	1
76939	1
76940	1
76941	1
76942	1
76943	1
76995	1
77009	1
77010	1
77011	1
77012	1
77013	1
77014	1
77015	1
77016	1
77017	1
77018	1
77019	1
77020	1
77021	1
77022	1
77023	1
77024	1
77076	1
77090	1
77091	1
77092	1
77093	1
77094	1
77095	1
77096	1
77097	1
77098	1
77099	1
77100	1
77101	1
77102	1
77103	1
77104	1
77105	1
77156	1
77157	1
77171	1
77172	1
77173	1
77174	1
77175	1
77176	1
77177	1
77178	1
77179	1
77180	1
77181	1
77182	1
77183	1
77184	1
77185	1
77186	1
77237	1
77238	1
77253	1
77254	1
77255	1
77256	1
77257	1
77258	1
77259	1
77260	1
77261	1
77262	1
77263	1
77264	1
77265	1
77266	1
77267	1
77268	1
77319	1
77335	1
77336	1
77337	1
77338	1
77339	1
77340	1
77341	1
77342	1
77343	1
77344	1
77345	1
77346	1
77347	1
77348	1
77349	1
77399	1
77400	1
77415	1
77416	1
77417	1
77418	1
77419	1
77420	1
77421	1
77422	1
77423	1
77424	1
77425	1
77426	1
77427	1
77428	1
77429	1
77480	1
77481	1
77497	1
77498	1
77499	1
77500	1
77501	1
77502	1
77503	1
77504	1
77505	1
77506	1
77507	1
77508	1
77509	1
77510	1
77511	1
77561	1
77562	1
77563	1
77579	1
77580	1
77581	1
77582	1
77583	1
77584	1
77585	1
77586	1
77587	1
77588	1
77589	1
77590	1
77591	1
77592	1
77641	1
77642	1
77643	1
77659	1
77660	1
77661	1
77662	1
77663	1
77664	1
77665	1
77666	1
77667	1
77668	1
77669	1
77670	1
77671	1
77672	1
77722	1
77723	1
77724	1
77725	1
77740	1
77741	1
77742	1
77743	1
77744	1
77745	1
77746	1
77747	1
77748	1
77749	1
77750	1
77751	1
77752	1
77753	1
77754	1
77804	1
77805	1
77806	1
77819	1
77820	1
77821	1
77822	1
77823	1
77824	1
77825	1
77826	1
77827	1
77828	1
77829	1
77830	1
77831	1
77832	1
77833	1
77834	1
77835	1
77836	1
77884	1
77885	1
77886	1
77892	1
77899	1
77900	1
77901	1
77902	1
77903	1
77904	1
77905	1
77906	1
77907	1
77908	1
77909	1
77910	1
77911	1
77912	1
77913	1
77914	1
77915	1
77916	1
77965	1
77966	1
77967	1
77973	1
77974	1
77975	1
77979	1
77980	1
77981	1
77982	1
77983	1
77984	1
77985	1
77986	1
77987	1
77988	1
77989	1
77990	1
77991	1
77992	1
77993	1
77994	1
77995	1
77996	1
77997	1
77998	1
78046	1
78047	1
78048	1
78054	1
78055	1
78056	1
78057	1
78058	1
78059	1
78060	1
78061	1
78062	1
78063	1
78064	1
78065	1
78066	1
78067	1
78068	1
78069	1
78070	1
78071	1
78072	1
78073	1
78074	1
78075	1
78076	1
78077	1
78078	1
78079	1
78125	1
78126	1
78127	1
78128	1
78135	1
78136	1
78137	1
78138	1
78139	1
78140	1
78141	1
78142	1
78143	1
78144	1
78145	1
78146	1
78147	1
78148	1
78149	1
78150	1
78151	1
78152	1
78153	1
78154	1
78155	1
78156	1
78157	1
78158	1
78159	1
78207	1
78208	1
78209	1
78210	1
78216	1
78217	1
78220	1
78221	1
78222	1
78223	1
78224	1
78225	1
78226	1
78227	1
78228	1
78229	1
78230	1
78231	1
78232	1
78233	1
78234	1
78235	1
78236	1
78237	1
78238	1
78239	1
78240	1
78241	0
78288	1
78289	1
78290	1
78291	1
78297	1
78298	1
78299	1
78302	1
78303	1
78304	1
78305	1
78306	1
78307	1
78308	1
78309	1
78310	1
78311	1
78312	1
78313	1
78314	1
78315	1
78316	1
78317	1
78318	1
78319	1
78320	1
78321	1
78322	0
78368	1
78369	1
78370	1
78371	1
78377	1
78378	1
78379	1
78383	1
78384	1
78385	1
78386	1
78387	1
78388	1
78389	1
78390	1
78391	1
78392	1
78393	1
78394	1
78395	1
78396	1
78397	1
78398	1
78399	1
78400	1
78401	1
78402	0
78449	1
78450	1
78451	1
78452	1
78458	1
78459	1
78467	1
78468	1
78469	1
78470	1
78471	1
78472	1
78473	1
78474	1
78475	1
78476	1
78477	1
78478	1
78479	1
78480	1
78481	1
78482	1
78483	0
78530	1
78531	1
78532	1
78533	1
78538	1
78539	1
78540	1
78548	1
78549	1
78550	1
78551	1
78552	1
78553	1
78554	1
78555	1
78556	1
78557	1
78558	1
78559	1
78560	1
78561	1
78562	1
78563	1
78564	0
78565	0
78566	0
78610	1
78611	1
78612	1
78613	1
78614	1
78617	1
78618	1
78619	1
78620	1
78629	1
78630	1
78631	1
78632	1
78633	1
78634	1
78635	1
78636	1
78637	1
78638	1
78639	1
78640	1
78641	1
78642	1
78643	1
78644	1
78645	0
78646	0
78690	1
78691	1
78692	1
78693	1
78694	1
78695	1
78698	1
78699	1
78700	1
78701	1
78709	1
78710	1
78711	1
78712	1
78713	1
78714	1
78715	1
78716	1
78717	1
78718	1
78719	1
78720	1
78721	1
78722	1
78723	1
78724	1
78725	1
78726	0
78727	0
78728	0
78742	0
78822	0
78823	0
78904	0
79382	0
79388	0
79463	0
79469	0
79544	0
79625	0
79626	0
79631	0
79636	0
79706	1
79707	0
79708	0
79712	0
79713	0
79716	0
79717	0
79787	0
79788	0
79789	0
79790	0
79792	0
79793	0
79796	0
79797	0
79798	0
79868	1
79869	1
79870	0
79871	0
79872	0
79874	0
79877	0
79878	0
79879	0
79949	1
79950	1
79951	0
79952	0
79953	0
79954	0
79955	0
79956	0
79958	0
79959	0
79960	0
79961	0
80030	1
80031	1
80032	0
80033	0
80034	0
80035	0
80036	0
80037	0
80038	0
80039	0
80040	0
80041	0
80111	1
80112	1
80113	0
80114	0
80115	0
80116	0
80117	0
80118	0
80119	0
80120	0
80121	0
80122	0
80123	0
80192	1
80193	1
80194	1
80195	0
80196	0
80197	0
80198	0
80199	0
80200	0
80201	0
80202	0
80203	0
80204	0
80273	1
80274	1
80275	1
80276	0
80277	0
80278	0
80279	0
80280	0
80281	0
80282	0
80283	0
80284	0
80285	0
80354	1
80355	1
80356	1
80357	0
80358	0
80359	0
80360	0
80361	0
80362	0
80363	0
80364	0
80365	0
80366	0
80367	0
80435	1
80436	1
80437	1
80438	1
80439	0
80440	0
80441	0
80442	0
80443	0
80444	0
80445	0
80446	0
80447	0
80448	0
80449	0
80516	1
80517	1
80518	1
80519	0
80520	0
80521	0
80522	0
80523	0
80524	0
80525	0
80526	0
80527	0
80528	0
80529	0
80597	1
80598	1
80599	1
80600	1
80601	0
80602	0
80603	0
80604	0
80605	0
80606	0
80607	0
80608	0
80609	0
80610	0
80611	0
80678	1
80679	1
80680	1
80681	1
80682	0
80683	0
80684	0
80685	0
80686	0
80687	0
80688	0
80689	0
80690	0
80691	0
80692	0
80759	1
80760	1
80761	1
80762	0
80763	0
80764	0
80765	0
80766	0
80767	0
80768	0
80769	0
80770	0
80771	0
80772	0
80773	0
80840	1
80841	1
80842	1
80843	1
80844	0
80845	0
80846	0
80847	0
80848	0
80849	0
80850	0
80851	0
80852	0
80853	0
80854	0
80921	1
80922	1
80923	1
80924	1
80925	0
80926	0
80927	0
80928	0
80929	0
80930	0
80931	0
80932	0
80933	0
80934	0
80935	0
80936	0
81002	1
81003	1
81004	1
81005	1
81006	0
81007	0
81008	0
81009	0
81010	0
81011	0
81012	0
81013	0
81014	0
81015	0
81016	0
81083	1
81084	1
81085	1
81086	1
81087	0
81088	0
81089	0
81090	0
81091	0
81092	0
81093	0
81094	0
81095	0
81096	0
81097	0
81098	0
81164	1
81165	1
81166	1
81167	1
81168	1
81169	0
81170	0
81171	0
81172	0
81173	0
81174	0
81175	0
81176	0
81177	0
81178	0
81179	0
81180	0
81245	1
81246	1
81247	1
81248	1
81249	0
81250	0
81251	0
81252	0
81253	0
81254	0
81255	0
81256	0
81257	0
81258	0
81259	0
81260	0
81326	1
81327	1
81328	1
81329	1
81330	1
81331	0
81332	0
81333	0
81334	0
81335	0
81336	0
81337	0
81338	0
81339	0
81340	0
81341	0
81342	0
81407	1
81408	1
81409	1
81410	1
81411	1
81412	1
81413	0
81414	0
81415	0
81416	0
81417	0
81418	0
81419	0
81420	0
81421	0
81422	0
81423	0
81424	0
81488	1
81489	1
81490	1
81491	1
81492	1
81493	0
81494	0
81495	0
81496	0
81497	0
81498	0
81499	0
81500	0
81501	0
81502	0
81503	0
81504	0
81505	0
81569	1
81570	1
81571	1
81572	1
81573	1
81574	1
81575	0
81576	0
81577	0
81578	0
81579	0
81580	0
81581	0
81582	0
81583	0
81584	0
81585	0
81586	0
81650	1
81651	1
81652	1
81653	1
81654	1
81655	1
81656	0
81657	0
81658	0
81659	0
81660	0
81661	0
81662	0
81663	0
81664	0
81665	0
81666	0
81667	0
81668	0
81731	1
81732	1
81733	1
81734	1
81735	1
81736	1
81737	0
81738	0
81739	0
81740	0
81741	0
81742	0
81743	0
81744	0
81745	0
81746	0
81747	0
81748	0
81812	1
81813	1
81814	1
81815	1
81816	1
81817	1
81818	0
81819	0
81820	0
81821	0
81822	0
81823	0
81824	0
81825	0
81826	0
81827	0
81828	0
81829	0
81830	0
81893	1
81894	1
81895	1
81896	1
81897	1
81898	1
81899	1
81900	0
81901	0
81902	0
81903	0
81904	0
81905	0
81906	0
81907	0
81908	0
81909	0
81910	0
81911	0
81912	0
81974	1
81975	1
81976	1
81977	1
81978	1
81979	1
81980	1
81981	0
81982	0
81983	0
81984	0
81985	0
81986	0
81987	0
81988	0
81989	0
81990	0
81991	0
81992	0
82055	1
82056	1
82057	1
82058	1
82059	1
82060	1
82061	1
82062	1
82063	0
82064	0
82065	0
82066	0
82067	0
82068	0
82069	0
82070	0
82071	0
82072	0
82073	0
82074	0
82136	1
82137	1
82138	1
82139	1
82140	1
82141	1
82142	1
82143	1
82144	0
82145	0
82146	0
82147	0
82148	0
82149	0
82150	0
82151	0
82152	0
82153	0
82154	0
82155	0
82217	1
82218	1
82219	1
82220	1
82221	1
82222	1
82223	1
82224	0
82225	0
82226	0
82227	0
82228	0
82229	0
82230	0
82231	0
82232	0
82233	0
82234	0
82235	0
82236	0
82298	1
82299	1
82300	1
82301	1
82302	1
82303	1
82304	1
82305	1
82306	0
82307	0
82308	0
82309	0
82310	0
82311	0
82312	0
82313	0
82314	0
82315	0
82316	0
82317	0
82379	1
82380	1
82381	1
82382	1
82383	1
82384	1
82385	1
82386	1
82387	0
82388	0
82389	0
82390	0
82391	0
82392	0
82393	0
82394	0
82395	0
82396	0
82397	0
82398	0
82399	0
82460	1
82461	1
82462	1
82463	1
82464	1
82465	1
82466	1
82467	1
82468	0
82469	0
82470	0
82471	0
82472	0
82473	0
82474	0
82475	0
82476	0
82477	0
82478	0
82479	0
82541	1
82542	1
82543	1
82544	1
82545	1
82546	1
82547	1
82548	1
82549	0
82550	0
82551	0
82552	0
82553	0
82554	0
82555	0
82556	0
82557	0
82558	0
82559	0
82560	0
82561	0
82622	1
82623	1
82624	1
82625	1
82626	1
82627	1
82628	1
82629	1
82630	1
82631	0
82632	0
82633	0
82634	0
82635	0
82636	0
82637	0
82638	0
82639	0
82640	0
82641	0
82642	0
82703	1
82704	1
82705	1
82706	1
82707	1
82708	1
82709	1
82710	1
82711	1
82712	0
82713	0
82714	0
82715	0
82716	0
82717	0
82718	0
82719	0
82720	0
82721	0
82722	0
82723	0
82784	1
82785	1
82786	1
82787	1
82788	1
82789	1
82790	1
82791	1
82792	1
82793	1
82794	0
82795	0
82796	0
82797	0
82798	0
82799	0
82800	0
82801	0
82802	0
82803	0
82804	0
82865	1
82866	1
82867	1
82868	1
82869	1
82870	1
82871	1
82872	1
82873	1
82874	1
82875	0
82876	0
82877	0
82878	0
82879	0
82880	0
82881	0
82882	0
82883	0
82884	0
82885	0
82886	0
82946	1
82947	1
82948	1
82949	1
82950	1
82951	1
82952	1
82953	1
82954	1
82955	1
82956	0
82957	0
82958	0
82959	0
82960	0
82961	0
82962	0
82963	0
82964	0
82965	0
82966	0
83027	1
83028	1
83029	1
83030	1
83031	1
83032	1
83033	1
83034	1
83035	1
83036	1
83037	1
83038	0
83039	0
83040	0
83041	0
83042	0
83043	0
83044	0
83045	0
83046	0
83047	0
83048	0
83108	1
83109	1
83110	1
83111	1
83112	1
83113	1
83114	1
83115	1
83116	1
83117	1
83118	1
83119	1
83120	0
83121	0
83122	0
83123	0
83124	0
83125	0
83126	0
83127	0
83128	0
83129	0
83189	1
83190	1
83191	1
83192	1
83193	1
83194	1
83195	1
83196	1
83197	1
83198	1
83199	1
83200	0
83201	0
83202	0
83203	0
83204	0
83205	0
83206	0
83207	0
83208	0
83209	0
83210	0
83270	1
83271	1
83272	1
83273	1
83274	1
83275	1
83276	1
83277	1
83278	1
83279	1
83280	1
83281	0
83282	0
83283	0
83284	0
83285	0
83286	0
83287	0
83288	0
83289	0
83290	0
83291	0
83351	1
83352	1
83353	1
83354	1
83355	1
83356	1
83357	1
83358	1
83359	1
83360	1
83361	1
83362	1
83363	0
83364	0
83365	0
83366	0
83367	0
83368	0
83369	0
83370	0
83371	0
83372	0
83373	0
83432	1
83433	1
83434	1
83435	1
83436	1
83437	1
83438	1
83439	1
83440	1
83441	1
83442	1
83443	1
83444	0
83445	0
83446	0
83447	0
83448	0
83449	0
83450	0
83451	0
83452	0
83453	0
83513	1
83514	1
83515	1
83516	1
83517	1
83518	1
83519	1
83520	1
83521	1
83522	1
83523	1
83524	1
83525	1
83526	0
83527	0
83528	0
83529	0
83530	0
83531	0
83532	0
83533	0
83534	0
83535	0
83594	1
83595	1
83596	1
83597	1
83598	1
83599	1
83600	1
83601	1
83602	1
83603	1
83604	1
83605	1
83606	1
83607	0
83608	0
83609	0
83610	0
83611	0
83612	0
83613	0
83614	0
83615	0
83616	0
83675	1
83676	1
83677	1
83678	1
83679	1
83680	1
83681	1
83682	1
83683	1
83684	1
83685	1
83686	1
83687	1
83688	0
83689	0
83690	0
83691	0
83692	0
83693	0
83694	0
83695	0
83696	0
83697	0
83756	1
83757	1
83758	1
83759	1
83760	1
83761	1
83762	1
83763	1
83764	1
83765	1
83766	1
83767	1
83768	1
83769	0
83770	0
83771	0
83772	0
83773	0
83774	0
83775	0
83776	0
83777	0
83778	0
83837	1
83838	1
83839	1
83840	1
83841	1
83842	1
83843	1
83844	1
83845	1
83846	1
83847	1
83848	1
83849	1
83850	1
83851	0
83852	0
83853	0
83854	0
83855	0
83856	0
83857	0
83858	0
83859	0
83860	0
83918	1
83919	1
83920	1
83921	1
83922	1
83923	1
83924	1
83925	1
83927	1
83928	1
83929	1
83930	1
83931	0
83932	0
83933	0
83934	0
83935	0
83936	0
83937	0
83938	0
83939	0
83940	0
83999	1
84000	1
84001	1
84002	1
84003	1
84004	1
84005	1
84006	1
84007	1
84008	1
84009	1
84010	1
84011	1
84012	0
84013	0
84014	0
84015	0
84016	0
84017	0
84018	0
84019	0
84020	0
84021	0
84022	0
84080	1
84081	1
84082	1
84083	1
84084	1
84085	1
84086	1
84087	1
84088	1
84089	1
84090	1
84091	1
84092	1
84093	0
84094	0
84096	0
84097	0
84098	0
84099	0
84100	0
84101	0
84102	0
84103	0
84161	1
84162	1
84163	1
84164	1
84165	1
84166	1
84167	1
84168	1
84169	1
84170	1
84172	1
84173	0
84174	0
84176	0
84177	0
84178	0
84179	0
84180	0
84181	0
84182	0
84183	0
84184	0
84243	1
84244	1
84245	1
84246	1
84247	1
84248	1
84249	1
84250	1
84251	1
84252	1
84254	1
84255	0
84256	0
84258	0
84259	0
84260	0
84261	0
84262	0
84263	0
84264	0
84265	0
84325	1
84326	1
84327	1
84328	1
84329	1
84330	1
84331	1
84332	1
84333	1
84336	0
84339	0
84340	0
84341	0
84342	0
84343	0
84344	0
84345	0
84346	0
84347	0
84406	1
84407	1
84408	1
84409	1
84410	1
84411	1
84412	1
84413	1
84416	0
84417	0
84420	0
84421	0
84422	0
84423	0
84424	0
84425	0
84426	0
84427	0
84488	1
84489	1
84490	1
84491	1
84492	1
84493	1
84494	1
84498	0
84501	0
84502	0
84503	0
84504	0
84505	0
84506	0
84507	0
84508	0
84509	0
84570	1
84571	1
84572	1
84573	1
84574	1
84575	1
84579	0
84580	0
84583	0
84584	0
84585	0
84586	0
84587	0
84588	0
84589	0
84590	0
84651	1
84652	1
84654	1
84655	1
84660	0
84661	0
84664	0
84665	0
84666	0
84667	0
84668	0
84669	0
84670	0
84671	0
84733	1
84734	1
84735	1
84736	1
84742	0
84746	0
84747	0
84748	0
84749	0
84750	0
84751	0
84752	0
84814	1
84815	1
84817	1
84823	0
84824	0
84827	0
84828	0
84829	0
84830	0
84831	0
84832	0
84833	0
84834	0
84896	1
84897	1
84904	0
84908	0
84909	0
84910	0
84911	0
84912	0
84913	0
84914	0
84990	0
84991	0
84992	0
84993	0
84994	0
84995	0
84996	0
85067	0
85071	0
85072	0
85073	0
85074	0
85075	0
85076	0
85077	0
85150	0
85152	0
85153	0
85154	0
85155	0
85156	0
85157	0
85158	0
85231	0
85233	0
85234	0
85235	0
85236	0
85237	0
85238	0
85239	0
85313	0
85315	0
85316	0
85317	0
85318	0
85319	0
85320	0
85321	0
85394	0
85395	0
85396	0
85397	0
85398	0
85399	0
85400	0
85401	0
85475	0
85476	0
85477	0
85478	0
85479	0
85480	0
85481	0
85482	0
85557	0
85558	0
85559	0
85560	0
85561	0
85562	0
85563	0
85638	0
85639	0
85640	0
85641	0
85642	0
85643	0
85719	0
85720	0
85721	0
85722	0
85723	0
85724	0
85801	0
85802	0
85803	0
85804	0
85805	0
85881	0
85882	0
85883	0
85884	0
85885	0
85962	0
85963	0
85964	0
85965	0
85966	0
86044	0
86045	0
86046	0
86047	0
86124	0
86125	0
86126	0
86127	0
86206	0
86207	0
86208	0
86288	0
86289	0
86369	0
157504	1
157505	1
157506	1
157507	1
157508	1
157509	1
157511	1
157512	1
157513	1
157514	1
157515	1
157523	1
157524	1
157525	1
157526	1
157527	1
157528	1
157529	1
157530	1
157531	1
157532	1
157533	1
157534	1
157535	1
157536	1
157537	1
157538	1
157539	1
157540	0
157541	0
157584	1
157585	1
157586	1
157587	1
157588	1
157589	1
157591	1
157592	1
157593	1
157594	1
157595	1
157603	1
157604	1
157605	1
157606	1
157607	1
157608	1
157609	1
157610	1
157611	1
157612	1
157613	1
157614	1
157615	1
157616	1
157617	1
157618	1
157619	1
157620	0
157621	0
157622	0
157665	1
157666	1
157667	1
157668	1
157669	1
157670	1
157672	1
157673	1
157674	1
157675	1
157676	1
157685	1
157686	1
157687	1
157688	1
157689	1
157690	1
157691	1
157692	1
157693	1
157694	1
157695	1
157696	1
157697	1
157698	1
157699	1
157700	1
157701	1
157702	0
157703	0
157704	0
157746	1
157747	1
157748	1
157749	1
157750	1
157751	1
157753	1
157754	1
157755	1
157756	1
157757	1
157766	1
157767	1
157768	1
157769	1
157770	1
157771	1
157772	1
157773	1
157774	1
157775	1
157776	1
157777	1
157778	1
157779	1
157780	1
157781	1
157782	1
157783	1
157784	0
157785	0
157786	0
157787	0
157788	0
157826	1
157827	1
157828	1
157829	1
157830	1
157831	1
157832	1
157834	1
157835	1
157836	1
157837	1
157838	1
157846	1
157847	1
157848	1
157849	1
157850	1
157851	1
157852	1
157853	1
157854	1
157855	1
157856	1
157857	1
157858	1
157859	1
157860	1
157861	1
157862	1
157863	1
157864	1
157865	0
157866	0
157867	0
157868	0
157869	0
157907	1
157908	1
157909	1
157910	1
157911	1
157912	1
157913	1
157915	1
157916	1
157917	1
157918	1
157919	1
157928	1
157929	1
157930	1
157931	1
157932	1
157933	1
157934	1
157935	1
157936	1
157937	1
157938	1
157939	1
157940	1
157941	1
157942	1
157943	1
157944	1
157945	1
157946	0
157947	0
157948	0
157949	0
157950	0
157989	1
157990	1
157991	1
157992	1
157993	1
157994	1
157996	1
157997	1
157998	1
157999	1
158000	1
158009	1
158010	1
158011	1
158012	1
158013	1
158014	1
158015	1
158016	1
158017	1
158018	1
158019	1
158020	1
158021	1
158022	1
158023	1
158024	1
158025	1
158026	1
158027	1
158028	1
158029	1
158030	1
158031	0
158032	0
158069	1
158070	1
158071	1
158072	1
158073	1
158074	1
158077	1
158078	1
158079	1
158080	1
158088	1
158089	1
158090	1
158091	1
158092	1
158093	1
158094	1
158095	1
158096	1
158097	1
158098	1
158099	1
158100	1
158101	1
158102	1
158103	1
158104	1
158105	1
158106	1
158107	1
158108	1
158109	1
158110	1
158111	1
158112	0
158113	0
158150	1
158151	1
158152	1
158153	1
158154	1
158155	1
158156	1
158158	1
158159	1
158160	1
158161	1
158170	1
158171	1
158172	1
158173	1
158174	1
158175	1
158176	1
158177	1
158178	1
158179	1
158180	1
158181	1
158182	1
158183	1
158184	1
158185	1
158186	1
158187	1
158188	1
158189	1
158190	1
158191	1
158192	1
158193	0
158194	0
158231	1
158232	1
158233	1
158234	1
158235	1
158237	1
158239	1
158240	1
158251	1
158252	1
158253	1
158254	1
158255	1
158256	1
158257	1
158258	1
158259	1
158260	1
158261	1
158262	1
158263	1
158264	1
158265	1
158266	1
158267	1
158268	1
158269	1
158270	1
158271	1
158272	1
158273	1
158274	1
158275	0
158312	1
158313	1
158314	1
158315	1
158316	1
158320	1
158331	1
158332	1
158333	1
158334	1
158335	1
158336	1
158337	1
158338	1
158339	1
158340	1
158341	1
158342	1
158343	1
158344	1
158345	1
158346	1
158347	1
158348	1
158349	1
158350	1
158351	1
158352	1
158353	1
158354	1
158355	1
158356	1
158393	1
158394	1
158395	1
158396	1
158397	1
158401	1
158413	1
158414	1
158415	1
158416	1
158417	1
158418	1
158419	1
158420	1
158421	1
158422	1
158423	1
158424	1
158425	1
158426	1
158427	1
158428	1
158429	1
158430	1
158431	1
158432	1
158433	1
158434	1
158435	1
158436	1
158437	1
158474	1
158475	1
158476	1
158477	1
158478	1
158479	1
158494	1
158495	1
158496	1
158497	1
158498	1
158499	1
158500	1
158501	1
158502	1
158503	1
158504	1
158505	1
158506	1
158507	1
158508	1
158509	1
158510	1
158511	1
158512	1
158513	1
158514	1
158515	1
158516	1
158517	1
158518	1
158554	1
158555	1
158556	1
158557	1
158558	1
158574	1
158575	1
158576	1
158577	1
158578	1
158579	1
158580	1
158581	1
158582	1
158583	1
158584	1
158585	1
158586	1
158587	1
158588	1
158589	1
158590	1
158591	1
158592	1
158593	1
158594	1
158595	1
158596	1
158597	1
158598	1
158599	1
158636	1
158637	1
158638	1
158639	1
158654	1
158655	1
158656	1
158657	1
158658	1
158659	1
158660	1
158661	1
158662	1
158663	1
158664	1
158665	1
158666	1
158667	1
158668	1
158669	1
158670	1
158671	1
158672	1
158673	1
158674	1
158675	1
158676	1
158677	1
158678	1
158679	1
158680	1
158718	1
158719	1
158720	1
158721	1
158735	1
158736	1
158737	1
158738	1
158739	1
158740	1
158741	1
158742	1
158743	1
158744	1
158745	1
158746	1
158747	1
158748	1
158749	1
158750	1
158751	1
158752	1
158753	1
158754	1
158755	1
158756	1
158757	1
158758	1
158759	1
158760	1
158761	1
158798	1
158799	1
158800	1
158801	1
158802	0
158816	1
158817	1
158818	1
158819	1
158820	1
158821	1
158822	1
158823	1
158824	1
158825	1
158826	1
158827	1
158830	1
158831	1
158832	1
158833	1
158834	1
158835	1
158836	1
158837	1
158838	1
158839	1
158840	1
158841	1
158842	1
158879	1
158880	1
158881	1
158882	1
158884	0
158898	1
158899	1
158900	1
158901	1
158902	1
158903	1
158904	1
158905	1
158906	1
158907	1
158908	1
158909	1
158912	1
158913	1
158914	1
158915	1
158916	1
158917	1
158918	1
158919	1
158920	1
158921	1
158922	1
158923	1
158959	0
158960	0
158964	1
158965	0
158980	1
158981	1
158982	1
158983	1
158984	1
158985	1
158986	1
158987	1
158988	1
158989	1
158990	1
158994	1
158995	1
158996	1
158997	1
158998	1
158999	1
159000	1
159001	1
159002	1
159003	1
159004	1
159040	0
159045	0
159060	1
159061	1
159062	1
159063	1
159064	1
159065	1
159066	1
159067	1
159068	1
159069	1
159070	1
159075	1
159076	1
159077	1
159078	1
159079	1
159080	1
159081	1
159082	1
159083	1
159084	1
159085	1
159121	0
159122	0
159126	0
159142	1
159143	1
159144	1
159145	1
159146	1
159147	1
159148	1
159149	1
159150	1
159151	1
159156	1
159157	1
159158	1
159159	1
159160	1
159161	1
159162	1
159163	1
159164	1
159165	1
159166	1
159202	0
159203	0
159224	1
159225	1
159226	1
159227	1
159228	1
159229	1
159230	1
159231	1
159232	1
159238	1
159239	1
159240	1
159241	1
159242	1
159243	1
159244	1
159245	1
159246	1
159247	1
159283	0
159284	0
159305	1
159306	1
159307	1
159308	1
159309	1
159310	1
159311	1
159312	1
159319	1
159320	1
159321	1
159322	1
159323	1
159324	1
159325	1
159326	1
159327	1
159328	1
159364	0
159365	0
159387	1
159388	1
159389	1
159390	1
159391	1
159392	1
159393	1
159401	1
159402	1
159403	1
159404	1
159405	1
159406	1
159407	1
159408	1
159409	1
159446	0
159468	1
159469	1
159470	1
159471	1
159472	1
159473	1
159474	1
159483	1
159484	1
159485	1
159486	1
159487	1
159488	1
159489	1
159490	1
159526	0
159527	0
159549	1
159550	1
159551	1
159552	1
159553	1
159554	1
159555	1
159563	1
159564	1
159565	1
159566	1
159567	1
159568	1
159569	1
159570	1
159571	1
159607	0
159608	0
159631	1
159632	1
159633	1
159634	1
159635	1
159636	1
159645	1
159646	1
159647	1
159648	1
159649	1
159650	1
159651	1
159652	1
159689	0
159690	0
159712	1
159713	1
159714	1
159715	1
159716	1
159717	1
159726	1
159727	1
159728	1
159729	1
159730	1
159731	1
159732	1
159733	1
159769	0
159770	0
159793	1
159794	1
159795	1
159796	1
159797	1
159806	1
159807	1
159808	1
159809	1
159810	1
159811	1
159812	1
159813	1
159814	1
159851	0
159875	1
159876	1
159877	1
159888	1
159889	1
159890	1
159891	1
159892	1
159893	1
159894	1
159895	1
159932	0
159933	0
159942	0
159943	0
159968	1
159969	1
159970	1
159971	1
159972	1
159973	1
159974	1
159975	1
159976	1
160013	0
160022	0
160023	0
160024	0
160048	1
160049	1
160050	1
160051	1
160052	1
160053	1
160054	1
160055	1
160056	1
160057	1
160094	0
160095	0
160103	0
160104	0
160105	0
160131	1
160132	1
160133	1
160134	1
160135	1
160136	1
160137	1
160138	1
160176	0
160184	0
160185	0
160186	0
160187	0
160212	1
160213	1
160214	1
160215	1
160216	1
160217	1
160218	1
160219	1
160256	0
160263	0
160264	0
160265	0
160266	0
160267	0
160293	1
160294	1
160295	1
160296	1
160297	1
160298	1
160299	1
160300	1
160337	0
160338	0
160344	0
160345	0
160346	0
160347	0
160348	0
160349	0
160374	1
160375	1
160376	1
160377	1
160378	1
160379	1
160380	1
160381	1
160419	0
160420	0
160425	0
160426	0
160427	0
160428	0
160429	0
160430	0
160456	1
160457	1
160458	1
160459	1
160460	1
160461	1
160462	1
160499	0
160500	0
160506	0
160507	0
160508	0
160509	0
160510	0
160536	1
160537	1
160538	1
160539	1
160540	1
160541	1
160542	1
160543	1
160581	0
160582	0
160587	0
160588	0
160589	0
160590	0
160591	0
160592	0
160618	1
160619	1
160620	1
160621	1
160622	1
160623	1
160624	1
160662	0
160663	0
160669	0
160670	0
160671	0
160672	0
160673	0
160674	0
160675	0
160699	1
160700	1
160701	1
160702	1
160703	1
160704	1
160705	1
160743	0
160744	0
160749	0
160750	0
160751	0
160752	0
160753	0
160754	0
160755	0
160780	1
160781	1
160782	1
160783	1
160784	1
160785	1
160786	1
160824	0
160825	0
160830	0
160831	0
160832	0
160833	0
160834	0
160835	0
160836	0
160837	0
160861	1
160862	1
160863	1
160864	1
160865	1
160866	1
160867	1
160906	0
160912	0
160913	0
160914	0
160915	0
160916	0
160917	0
160918	0
160919	1
160943	1
160944	1
160945	1
160946	1
160947	1
160948	1
160986	0
160987	0
160992	0
160993	0
160994	0
160995	0
160996	0
160997	0
160998	0
160999	1
161023	1
161024	1
161025	1
161026	1
161027	1
161028	1
161029	1
161068	0
161074	0
161075	0
161076	0
161077	0
161078	0
161079	0
161080	0
161081	1
161105	1
161106	1
161107	1
161108	1
161109	1
161110	1
161149	0
161156	0
161157	0
161158	0
161159	0
161160	0
161161	0
161162	1
161187	1
161188	1
161189	1
161190	1
161191	1
161236	0
161237	0
161238	0
161239	0
161240	0
161241	0
161242	0
161243	1
161267	1
161268	1
161269	1
161270	1
161271	1
161272	1
161311	0
161318	0
161319	0
161320	0
161321	0
161322	0
161323	0
161324	1
161325	1
161349	1
161350	1
161351	1
161352	1
161353	1
161392	0
161399	0
161400	0
161401	0
161402	0
161403	0
161404	0
161405	0
161406	1
161407	1
161430	1
161431	1
161432	1
161433	1
161434	1
161473	0
161479	0
161480	0
161481	0
161482	0
161483	0
161484	0
161485	0
161486	1
161487	1
161488	1
161511	1
161512	1
161513	1
161514	1
161515	1
161561	0
161562	0
161563	0
161564	0
161565	0
161566	0
161567	0
161568	1
161569	1
161570	1
161592	1
161593	1
161594	1
161595	1
161596	1
161642	0
161643	0
161644	0
161645	0
161646	0
161647	0
161648	0
161649	1
161650	1
161651	1
161674	1
161675	1
161676	1
161677	1
161722	0
161723	0
161724	0
161725	0
161726	0
161727	0
161728	0
161729	0
161730	1
161731	1
161732	1
161754	1
161755	1
161756	1
161757	1
161758	1
161804	0
161805	0
161806	0
161807	0
161808	0
161809	0
161810	0
161811	1
161812	1
161813	1
161814	1
161836	1
161837	1
161838	1
161839	1
161885	0
161886	0
161887	0
161888	0
161889	0
161890	0
161891	0
161892	0
161893	1
161894	1
161895	1
161917	1
161918	1
161919	1
161920	1
161966	0
161967	0
161968	0
161969	0
161970	0
161971	0
161972	0
161973	1
161974	1
161975	1
161976	1
161998	1
161999	1
162000	1
162001	1
162047	0
162048	0
162049	0
162050	0
162051	0
162052	0
162053	0
162054	0
162055	1
162056	1
162057	1
162058	1
162079	1
162080	1
162081	1
162082	1
162129	0
162130	0
162131	0
162132	0
162133	0
162134	0
162135	1
162136	1
162137	1
162138	1
162139	1
162140	1
162161	1
162162	1
162163	1
162211	0
162212	0
162213	0
162214	0
162215	0
162216	1
162217	1
162218	1
162219	1
162220	1
162221	1
162242	1
162243	1
162244	1
162294	0
162295	0
162296	0
162297	1
162298	1
162299	1
162300	1
162301	1
162302	1
162303	1
162323	1
162324	1
162325	1
162375	0
162376	0
162377	0
162378	0
162379	1
162380	1
162381	1
162382	1
162383	1
162384	1
162385	1
162405	1
162406	1
162456	0
162457	0
162458	0
162459	1
162460	1
162461	1
162462	1
162463	1
162464	1
162465	1
162486	1
162487	1
162538	0
162539	0
162540	0
162541	1
162542	1
162543	1
162544	1
162545	1
162546	1
162568	1
162621	0
162622	1
162623	1
162625	1
162626	1
162627	1
162649	1
162702	0
162703	1
162706	1
162707	1
162730	1
162784	1
162789	1
162865	0
162870	1